9.469294841723542577e-02
9.732885654925360619e-02
9.693613733773936980e-02
9.697245893105926884e-02
1.124636192884508473e-01
1.135934052446582604e-01
1.420344236693343587e-01
5.739861726997877445e-02
1.074194669691351245e-01
1.074781714241613978e-01
1.165152237267643165e-01
1.150231707953978666e-01
2.884664972126697036e-01
1.208637074333610423e-01
9.616414814120322063e-02
1.167341219419189002e-01
1.279370728520893008e-01
1.285518657434116807e-01
1.216938844154936139e-01
1.231377213599922915e-01
1.249558359390446488e-01
1.768148459235562853e-01
9.109595931856777351e-02
3.049134689484275795e-01
3.880464172480060925e-01
8.150886004610165270e-02
1.353499022842244437e-01
1.340049837420385359e-01
4.217111074281485461e-01
1.407714197082362562e-01
1.459535465297355505e-01
1.491016772423937042e-01
2.175151365421104099e-01
1.445668772411467240e-01
2.121348738119643862e-01
2.268136964888554374e-01
1.690656069452255994e-01
2.070294960369428727e-01
2.373053393341025274e-01
1.823014778218503829e-01
1.600492877976733841e-01
1.608177528072188278e-01
2.987978695870934787e-01
1.919385179593144641e-01
1.769495366560201455e-01
6.464744291639001883e-02
1.775615579686168899e-01
1.728091089417141124e-01
1.791968233390885124e-01
2.481021459337269253e-01
3.257597946392571941e-01
2.558192734360302256e-01
1.968074147121364192e-01
1.931739649542522086e-01
9.935666660004489892e-02
2.097865987591037706e-01
3.203881408711325429e-01
1.817059374229934021e-01
2.737091358736016278e-01
2.136510807593341443e-01
4.010059541409768946e-01
2.312736043993058599e-01
2.150137920058462493e-01
5.463993427907226641e-01
3.180186529174233723e-01
1.486057413336467903e-01
1.038313941434384713e+00
3.740954057356263296e-01
2.471590349345049176e-01
2.236441570626457598e-01
2.235992232792158030e-01
2.424260150573571970e-01
6.415403797938160624e-01
1.707772848008054234e-01
2.506574770078182079e-01
4.633142178791072596e-01
2.542632183143531677e-01
5.377958651882038810e-01
7.278243352640115793e-01
3.086569440339803627e-01
8.424565867845770217e-01
2.803473984079736803e-01
2.790492994080639444e-01
6.071693978435719341e-01
4.115867780498138062e-01
3.433843708147604756e-01
3.539967107139370683e-01
3.684833076258896001e-01
3.095201189063197522e-01
3.261335964395585263e-01
3.078289158807690495e-01
1.800324084676929726e-01
4.938309095791337255e-01
3.194228788550272369e-01
3.000073679505899649e-01
2.616048811611814795e+00
1.026584351713164978e+00
2.366442908684933233e+00
1.668408688292523923e-01
1.153147835229564988e+00
3.661633320354996668e-01
3.557902708056798202e-01
3.523273145224133374e-01
4.383533878801435524e-01
4.670100811478382075e-01
3.583812196260592331e-01
3.616583572247827894e-01
3.231938564435804517e-01
4.078722167303942547e-01
4.085464170897075142e-01
7.292069708968329511e-01
5.197922089218859343e-01
1.301080597111313297e+00
2.177432062339438534e+00
3.255296369764181241e-01
5.105770149334137864e-01
4.128338163133792871e-01
4.886635626471961480e+00
4.114246370862993274e+00
2.970979808199122996e+00
2.333653140285446792e+00
4.506235875924692991e+00
2.923144554075433721e+00
7.455165938790906388e-01
6.857696257294254139e+00
1.515853339999960303e+00
2.728020166186094220e-01
7.662837276869250980e-01
1.425064257046201321e+00
4.015873996269029966e+00
1.329578475213688327e+00
2.758084701247086379e+00
9.376535986494772601e+00
4.722832564883416850e-01
1.686783741734035447e+00
7.872103230309803745e-01
3.227208963272310438e+00
4.765804466930654293e+00
1.699656760942623190e+00
7.012704511720912137e+00
6.138362746127167258e-01
5.114777751459028687e-01
7.952103046435128331e-01
5.571207756679283030e+00
3.534126926955591386e-01
5.327375239868261225e+00
1.053607146491989788e+01
5.643003316871922914e-01
8.719228714437715411e+00
5.118046757081932796e+00
6.521743177456616358e+00
9.419212426474377509e+00
5.673629994581045333e-01
6.312633487300248980e+00
5.350243832765973373e+00
5.736064237047888703e-01
2.650032111266446666e+00
1.045920560069803074e+01
2.176041514108373320e+01
7.731297284175829843e-01
4.788864281946835222e-01
4.105397609863168817e+00
1.878850341132468182e+00
6.257353506498394280e-01
2.431401996921649822e+00
9.947485563086340576e+00
4.983814031134545353e+00
9.554078768786747888e-01
5.089902176635783704e+00
2.706389431543617263e+01
1.002198524992164330e+01
6.467771006480385054e-01
1.082270917429853263e+01
1.814417539343789798e+00
2.230936215391088773e+00
9.713298039472325618e-01
3.469240637615780276e+00
2.424360857768647293e+00
2.513592327038244534e+00
3.970907159779912377e+00
5.492514450342638632e+00
1.856944141205366350e+01
8.469913317823749566e-01
6.819440683386495117e+00
1.176030666533108171e+00
3.959220508140520423e+01
7.818492627253742278e+00
2.811415133079922857e+00
1.002818580382878855e+00
2.363233090225415722e+00
2.914844139985808713e+00
1.177356859246570409e+01
1.810207501080234982e+00
3.100353670121368754e+00
3.103899285456169821e+01
7.111700529351627154e+01
8.309159486953706653e-01
8.916505450176653857e-01
7.280788270478999458e+00
3.823071905086759159e+01
4.116964911546595829e+00
3.954543677077046571e+00
1.270519637015381953e+01
2.676230553797563161e+01
5.424889335863130491e+00
2.033760940498956131e+02
2.632526035999667258e+01
7.878020753546795163e+01
2.654541166982526761e+02
4.783612165194874422e+00
7.063013975568390279e+00
7.995144037973466311e+01
6.942004101006470762e+01
9.096164473169402243e+00
7.352526816305478441e+00
2.309074626856458590e+00
2.663494964024194545e+01
1.088535284313395968e+00
6.356037383342904690e+01
4.778301992406105114e+01
7.013695097339744677e+01
1.054726877857024192e+02
4.877622575167437802e+00
3.208248385905484223e+00
7.856496296783531363e+01
5.901585763381310024e+00
1.617741383724289328e+00
7.022387363744338806e+00
4.181662243298862336e+01
1.118451005673567806e+02
5.402165550532965455e+01
3.412315109942161229e+01
3.894684237024280016e+00
3.293256789225270609e+01
2.361528321995221091e+01
2.378691186082697584e+02
2.870301117902785748e+01
1.008204030727545728e+02
1.242442651595172691e+02
3.712682727561261231e+02
8.985901676161549290e+01
4.902789424227223094e+02
3.531773310604950922e+01
3.564442867992173092e+01
1.247011004852981131e+02
1.179773759397355377e+02
3.637312212487321261e+01
1.028815977767715708e+02
1.779620720487536801e+03
5.338165371179952956e+01
1.505341009919126236e+02
7.601519388187422521e+01
6.689674252394514724e+02
4.070194837818800693e+01
1.332601421878480096e+03
2.964922494020086319e+01
3.277567881776400327e+01
1.977129756085896224e+04
3.435322899658361848e+02
2.923030040131058058e+02
6.433446851860090021e+01
1.263314157413995389e+02
1.070338411047164016e+02
4.037574682336686749e+01
1.042532668346982234e+02
1.024304298255829906e+02
1.634597279373006700e+02
1.339299877555028218e+02
1.031848677534676881e+03
6.085593673387631952e+01
1.180326098174298863e+02
7.422693874465679073e+03
1.402763050427067526e+02
8.272820045728676632e+02
1.775142110527056900e+02
2.799238200289444649e+03
2.394676312833202701e+03
9.671029394836768915e+02
9.766341147485844658e+02
1.645082005246978042e+03
1.525783153774423226e+02
1.549181106352713323e+04
1.376146422712527624e+02
1.366439545565775120e+02
1.029329341822986316e+05
1.908793499495871947e+04
1.406285621565490658e+02
1.640666878089109559e+02
1.447976449407113364e+02
1.457669847775325179e+05
1.103660752108510642e+05
1.281385350044669735e+02
1.356019742664815624e+02
1.363379993549622304e+05
9.887266519461861753e+04
1.097709270658926107e+05
1.330697314290640352e+05
1.541956795236225162e+02
5.431664778504438800e+03
1.409177750956429809e+05
1.726670618894841027e+02
1.957432307367810722e+02
1.527170942637830819e+02
6.341037563393022083e+02
1.615273161311515366e+02
1.063934434704771702e+05
1.438490892072740535e+05
3.258292578699485489e+02
1.618981808249365031e+02
7.419830632545780418e+02
4.940530734281351761e+04
1.048811655479839683e+05
1.110879574077895522e+05
1.429466388029127556e+05
4.955874160392495469e+02
1.105970887998839462e+05
5.516608970254137603e+03
7.546571015281257360e+02
1.506457018253889401e+05
1.419100520642356714e+05
1.379016616786732629e+05
4.705006611425640585e+04
1.095903304656368418e+05
1.501467516208689485e+05
8.744674444667467696e+02
1.078081673639236251e+05
1.104617275325897499e+05
1.718005973495091021e+05
1.369862092776097998e+05
1.127784859976527223e+05
1.119038392922219646e+05
3.267659779553100179e+03
1.403021437245952548e+05
3.567537552838384272e+03
1.431655984777856211e+05
1.439999093952558760e+05
2.036281236108425073e+05
1.407300687700682902e+05
1.502666719963359938e+05
1.034416277265801182e+05
2.728552116674632998e+05
1.648054524757395848e+04
1.151319887175347831e+05
1.542860388036227669e+05
2.629898374993702746e+05
1.051001064421576884e+05
2.113329011320145219e+05
1.448100624695567531e+05
1.167488670370702894e+05
1.053113212725540652e+05
1.678970499862158322e+05
1.793086751394039020e+05
2.691771931916897884e+05
1.337702741201692843e+05
1.047338646472997061e+05
1.689927680736852344e+05
2.124107302636893291e+05
3.202865752973011113e+05
1.152722418480897031e+05
2.593543736411759746e+05
1.670424191348823078e+05
2.777862611569339642e+05
1.078338365431944985e+05
1.989366720735005511e+05
1.129734135880889808e+05
3.563012438152659452e+05
2.460612006346029229e+05
2.124511957942595473e+05
2.825415512205249979e+05
1.414701825910758926e+05
2.373251801129633968e+05
2.535435449409721477e+05
3.134163673697735649e+05
2.648201539908855921e+05
2.779408239077989710e+05
2.644836403653118759e+05
2.460601039932495623e+05
1.562107786866204115e+05
2.483980797190009616e+05
2.590215604162974923e+05
2.733156653670252999e+05
2.093713029325890529e+05
1.997990578737470205e+05
2.435689415315703372e+05
2.464356795613282011e+05
2.196666874402239046e+05
2.451082184454442177e+05
2.815261823356859968e+05
2.598804080075756065e+05
2.660198415183180477e+05
3.363454762805058272e+05
2.527492913285941177e+05
2.673107201015626197e+05
3.152512328816016670e+05
2.093823958319338853e+05
2.209890155813882302e+05
3.311664492326356121e+05
2.949023667410790804e+05
2.785595413460602867e+05
2.435477996798538661e+05
2.657215676862706896e+05
2.697354794095752877e+05
2.694393449169988744e+05
2.464757559700423444e+05
2.412123589146602026e+05
2.630020210051385220e+05
2.519735326890401193e+05
3.648972288717573974e+05
3.642938666669024969e+05
3.198507155113218469e+05
2.554387552470863448e+05
2.906441972986697219e+05
3.036660038795357686e+05
2.859488317790451692e+05
2.948944360384473694e+05
2.458727727057373559e+05
2.976384802986141876e+05
2.912908286216036067e+05
2.821640708200374502e+05
3.143281678817225620e+05
3.030721403490817756e+05
2.963075847276615677e+05
3.403090337700033560e+05
2.781327579322070815e+05
2.801243413897219580e+05
2.836617988858473254e+05
2.858487184296326013e+05
2.969179409187795245e+05
3.016976441157800728e+05
3.693182978807027102e+05
2.957214833753597341e+05
3.119830251059731818e+05
3.605001412609248073e+05
3.360035316976968315e+05
3.404666311280993395e+05
3.373329775577756809e+05
2.781838833736693487e+05
2.919947172113751876e+05
2.955736931381741306e+05
2.946927395215263241e+05
2.799077154684161651e+05
3.063727578895188635e+05
3.345385162029437488e+05
3.035464657549415715e+05
3.073202290937905200e+05
3.716127272820130456e+05
3.435865494236609666e+05
2.940799894561774563e+05
2.897651819049647311e+05
3.093843227210696205e+05
3.408798711891486892e+05
3.709669835903723724e+05
3.367249810640682699e+05
2.854588723904294893e+05
3.089870734961630078e+05
2.955505062644771533e+05
3.238784132957718684e+05
3.615440936823051888e+05
3.395313601880050846e+05
3.400223556825604173e+05
3.379572326451792615e+05
3.235677499980528373e+05
3.038371750845214701e+05
3.019391536397790187e+05
2.934447953048408963e+05
3.033066283147231443e+05
2.794059684024309972e+05
3.579069053022302687e+05
3.413902515787196462e+05
3.738476274429713376e+05
2.945154621666793828e+05
3.689217000498300768e+05
3.682955565117932274e+05
3.175863695841255249e+05
3.193570106796063483e+05
3.595951883479564567e+05
3.395965965226253029e+05
3.176237928149864310e+05
2.905902920542066568e+05
3.345193392275074730e+05
3.066263761442328105e+05
3.518016698093170417e+05
3.030697539501579013e+05
3.380345377782914438e+05
3.708865139068944263e+05
3.424966867269278737e+05
3.263454455319662811e+05
3.626826350785242394e+05
3.385264240810894407e+05
2.986681557503110962e+05
3.436301199684471358e+05
3.179526171482290374e+05
3.729059164324010490e+05
3.151245273699852405e+05
3.535378769866897492e+05
3.675508938423746149e+05
3.291490629985078704e+05
3.418422311306858319e+05
3.261778627095732954e+05
2.928882554598018760e+05
3.247335621843983536e+05
3.594828502497226582e+05
3.286804831161114853e+05
3.015252179292536457e+05
2.991609318256293773e+05
3.315577464978094213e+05
3.045355078252189560e+05
3.734983184450936387e+05
3.314125307603291003e+05
3.691315054475190700e+05
3.359528778729460901e+05
3.316947168471273617e+05
3.295574626788563910e+05
3.326813726444029016e+05
3.141950021305131959e+05
3.464356484694330138e+05
3.044381023653264856e+05
3.148262417927144561e+05
3.380256093577727443e+05
3.734913677506509121e+05
3.686320740499639651e+05
3.422113401901673060e+05
3.071601600226943265e+05
3.422815784572105622e+05
3.072992161453209701e+05
3.572273875572513789e+05
3.239307659551109537e+05
3.639009134636380477e+05
3.390765569236063166e+05
3.412050678747979691e+05
3.729261571933055529e+05
3.122444020347973565e+05
3.728868105532118934e+05
3.515896489909719676e+05
3.736593122875453555e+05
3.726723576968355919e+05
3.456999566232967773e+05
3.644134737235016655e+05
3.261761830747633940e+05
3.533937795857045567e+05
3.654227209653661121e+05
3.501863654683586210e+05
3.717587085289456882e+05
3.720592855814127834e+05
3.431996661198542570e+05
3.532834646209832863e+05
3.435588354163279873e+05
3.406279239326518145e+05
3.573177015712686698e+05
3.443809416255634278e+05
3.618198259227239178e+05
3.371172300551310764e+05
3.692473692175475881e+05
3.726816185802176478e+05
3.248152577393324464e+05
3.507618913061965723e+05
3.193203425256633782e+05
3.599219993387946161e+05
3.695450170220908476e+05
3.615265006083139451e+05
3.464190803215549677e+05
3.338921887974317651e+05
3.410184047815578524e+05
3.739059388959493372e+05
3.740663429650500184e+05
3.336374862164168735e+05
3.425167331424901495e+05
3.726384131759781158e+05
3.373335619061021134e+05
3.400101644739171606e+05
3.659136541389435879e+05
3.716041182592723053e+05
3.451306373435250134e+05
3.723542913074251264e+05
3.577677807740704739e+05
3.648441053770541912e+05
3.608335771019419190e+05
3.567261453034413280e+05
3.311209190574625391e+05
3.071948402141267434e+05
3.251729558294393937e+05
3.730944832469114917e+05
3.730506436472155037e+05
3.394763105626096949e+05
3.506736950399380294e+05
3.550740749840795179e+05
3.329796210794907529e+05
3.487322063027753029e+05
3.408351465360267903e+05
3.246395247497368255e+05
3.725635474509004853e+05
3.391917225512978621e+05
3.564764541414943524e+05
3.470418733931431198e+05
3.095833920186863979e+05
3.571011222709272988e+05
3.566456078232947038e+05
3.627796399703505449e+05
3.436863701621080982e+05
3.743635296022699913e+05
3.356032120730669703e+05
3.718053321023412282e+05
3.599104136487548240e+05
3.544456851613059989e+05
3.411556947781449999e+05
3.412994107960474212e+05
3.492827199283215450e+05
3.735822755205696449e+05
3.737774447727852967e+05
3.688153899671842228e+05
3.310704832191054011e+05
3.650884308826879715e+05
3.734479823451275588e+05
3.740614414306240506e+05
3.729428945049165050e+05
3.731441477861874737e+05
3.740972560972335632e+05
3.417069817942236550e+05
3.726900368223603582e+05
3.723860649232012220e+05
3.657446164189145784e+05
3.688880067556878785e+05
3.737921526579980855e+05
3.743439146020166809e+05
3.434048982824733830e+05
3.443373676833680365e+05
3.738601278015333810e+05
3.716300121439633658e+05
3.571473858261161367e+05
3.409770619115216541e+05
3.667215391389103606e+05
3.737903951170473010e+05
3.713898517520466703e+05
3.270222753264215426e+05
3.595758894675204647e+05
3.419315095624504029e+05
3.628564158594022156e+05
3.269122506425405736e+05
3.452847350536399172e+05
3.573846434342866996e+05
3.642372825298737735e+05
3.739226733494226937e+05
3.476539093161197961e+05
3.590988213119811844e+05
3.558404606017298647e+05
3.423429936162973754e+05
3.695251707784348982e+05
3.425392462973963702e+05
3.701012075573166949e+05
3.426796650869344594e+05
3.726660587390830042e+05
3.643439763295052690e+05
3.494575179642179864e+05
3.684474579879877856e+05
3.207151089916331694e+05
3.736663896073530195e+05
3.587179607008099556e+05
3.604331123099128599e+05
3.727534621250179480e+05
3.689318466992770554e+05
3.691509215385313728e+05
3.662352026363580371e+05
3.719231439394730260e+05
3.323714252185041551e+05
3.741330781021934818e+05
3.737073452008688473e+05
3.740442368690686999e+05
3.608754097029458499e+05
3.741234610007056035e+05
3.739914000209996011e+05
3.699556250342667918e+05
3.537887173836795846e+05
3.689162113244261709e+05
3.651482196216137381e+05
3.738952921887824778e+05
3.594136015937195043e+05
3.480859251945476863e+05
3.625339936594652827e+05
3.565060837141270167e+05
3.631641790012130514e+05
3.670850035265411716e+05
3.696858766549997963e+05
3.657751480432878598e+05
3.740910472603278467e+05
3.659616026818913524e+05
3.732440838758672471e+05
3.687845308292877744e+05
3.698630038755810820e+05
3.739843215568699525e+05
3.323592833607086213e+05
3.655161162078027846e+05
3.595193809271662612e+05
3.714335864870378282e+05
3.416812108785460005e+05
3.476272183683612384e+05
3.562554546065588947e+05
3.656721442947371397e+05
3.706737098086614278e+05
3.468356933814013610e+05
3.565959022209332907e+05
3.701253569290725281e+05
3.659266378228100366e+05
3.647895759532062802e+05
3.724238883084988920e+05
3.693411267465206329e+05
3.742874928763348144e+05
3.498750658350744634e+05
3.732115880608889274e+05
3.737874798301315750e+05
3.721570563826460857e+05
3.685316913925213157e+05
3.732351529516578885e+05
3.686744892013994977e+05
3.738077028078286676e+05
3.472124983012606390e+05
3.691818120349961100e+05
3.692690337932785042e+05
3.669690164238834404e+05
3.743143780361651443e+05
3.729540500679222750e+05
3.600622138895395328e+05
3.723783613942044321e+05
3.734019640879447688e+05
3.624832374772938201e+05
3.737131563286408782e+05
3.425518056578203687e+05
3.715314309404936503e+05
3.659404746924642241e+05
3.643314789488224778e+05
3.693492104587457143e+05
3.703355588929742225e+05
3.710725023562039714e+05
3.736535360856476473e+05
3.722496374757676385e+05
3.684851887735534692e+05
3.729945113638342009e+05
3.594987639744195621e+05
3.606914783653295017e+05
3.708166294130251044e+05
3.459530879499884904e+05
3.670275572786832927e+05
3.729440912302455981e+05
3.733782985138042714e+05
3.733610991286836215e+05
3.708894753032731824e+05
3.740825116998104495e+05
3.733912891648274381e+05
3.743248433127180324e+05
3.692853923180548591e+05
3.745679459573999047e+05
3.745006721624989877e+05
3.740768467066375888e+05
3.738800776029122644e+05
3.716422193125598133e+05
3.738058315949829994e+05
3.730056030539694475e+05
3.710614355087711010e+05
3.740988691613028059e+05
3.693230108424200444e+05
3.716301854382400634e+05
3.734748557313578203e+05
3.705207117857687408e+05
3.721596693799193017e+05
3.741496909939813195e+05
3.566163588651446044e+05
3.739395866821467062e+05
3.721658070273509366e+05
3.742680007187762531e+05
3.573680838582086726e+05
3.722968485125213629e+05
3.739907890058282064e+05
3.739740832997476682e+05
3.601688021965445369e+05
3.734560631153927534e+05
3.735537768646873301e+05
3.729932407478692476e+05
3.733729635779114906e+05
3.739713477522740723e+05
3.707139642309237388e+05
3.736812003416676307e+05
3.740618506994365598e+05
3.736963739465230610e+05
3.740842465008217841e+05
3.716729270562131424e+05
3.527769797375124763e+05
3.739946416540895589e+05
3.671556020644205273e+05
3.735220165038071573e+05
3.708824152985025430e+05
3.738822994749255013e+05
3.652217307884459733e+05
3.732436056304313825e+05
3.741796727827931172e+05
3.722999182966632652e+05
3.691589844178117928e+05
3.717917613187647075e+05
3.737028615837490652e+05
3.730868575136263971e+05
3.716969063483189675e+05
3.693968151848261477e+05
3.726801281286776648e+05
3.741251478558778763e+05
3.740079027664478053e+05
3.735470949460643460e+05
3.565534515893738717e+05
3.655816301372722955e+05
3.728847477824278758e+05
3.728657219014251023e+05
3.744397138073231908e+05
3.739391662706873030e+05
3.717801184142907150e+05
3.737469150143865263e+05
3.735675674770595506e+05
3.736564661812034319e+05
3.735389403240096290e+05
3.708516199856200838e+05
3.489824974475062918e+05
3.691161990448677097e+05
3.737570691895519267e+05
3.616734283304368728e+05
3.739072106071489397e+05
3.659264944647523807e+05
3.632180665098208119e+05
3.739237790108871413e+05
3.744470455081237596e+05
3.739208261488514254e+05
3.734507655795942992e+05
3.731846151195893181e+05
3.741567955446913256e+05
3.742088379782262491e+05
3.696481934793524561e+05
3.645778663686657092e+05
3.734706528397724032e+05
3.739542896697290707e+05
3.739227358147897758e+05
3.743103452682914794e+05
3.741380773893484729e+05
3.740306118460429134e+05
3.738682341006086208e+05
3.620953128947090008e+05
3.740858115791616146e+05
3.739037152695989935e+05
3.742886094361553551e+05
3.723218653990911553e+05
3.744977146218020353e+05
3.741085867322636768e+05
3.736030946983554750e+05
3.734947046447908506e+05
3.727656175939746900e+05
3.739444923899754067e+05
3.717027815228523104e+05
3.740485093952448224e+05
3.726008785855168244e+05
3.732578630984736956e+05
3.715976714187275502e+05
3.742246379170258297e+05
3.743210419837142108e+05
3.721407717432360514e+05
3.736383103639504989e+05
3.717982055771192536e+05
3.725940962739627576e+05
3.744134235536110355e+05
3.726924618540504598e+05
3.741994186756762210e+05
3.743479634056228097e+05
3.745334772507284652e+05
3.743413158962666057e+05
3.731913074399950565e+05
3.732163267119303928e+05
3.740565673232164700e+05
3.736642160180701176e+05
3.706168715028431034e+05
3.741451658097169129e+05
3.742345482225168380e+05
3.739670684749261127e+05
3.740823844614788541e+05
3.741961908792713657e+05
3.730546720981938415e+05
3.738932146471408778e+05
3.740298665142338141e+05
3.739398017790420563e+05
3.742380320534371422e+05
3.739742660434999852e+05
3.739765477494160295e+05
3.743611285887830891e+05
3.734816605612642597e+05
3.736457640264913207e+05
3.739050932940173661e+05
3.740985732147606323e+05
3.737643827105727396e+05
3.727057945571128512e+05
3.738643049778705463e+05
3.741202813691188931e+05
3.724252987418101984e+05
3.742042200056231814e+05
3.736536383511814638e+05
3.737573939854123746e+05
3.731979618904250674e+05
3.741010563676839229e+05
3.738739651989028207e+05
3.741374946291447268e+05
3.741043567004210199e+05
3.734021681388205616e+05
3.735017243938109605e+05
3.710044189266031026e+05
3.743398429428916425e+05
3.742702069164299173e+05
3.741470648497824441e+05
3.720888588696494116e+05
3.741009518289181287e+05
3.741689366806306643e+05
3.741247706919326447e+05
3.736681161577763269e+05
3.743024919644557522e+05
3.723189735643689637e+05
3.741922013346360764e+05
3.740316661114681046e+05
3.742301620060561108e+05
3.740681588710580836e+05
3.738882407909412868e+05
3.723794417522522854e+05
3.744162325739490334e+05
3.739296334341876791e+05
3.738778866521027521e+05
3.737072262950057629e+05
3.738521850868540350e+05
3.736466882909915294e+05
3.741903000896263984e+05
3.740161862432860653e+05
3.737122273170397384e+05
3.742498583699812298e+05
3.741880473329596571e+05
3.740848097632389399e+05
3.743991799081494100e+05
3.738268975613550865e+05
3.726709906695277896e+05
3.741470565076704370e+05
3.739527496530164499e+05
3.736948413341731066e+05
3.744395583769109217e+05
3.740430924881237443e+05
3.734841290424068575e+05
3.744871929905122961e+05
3.731347283496526070e+05
3.738496737058864674e+05
3.737293344708470977e+05
3.741197479185393895e+05
3.731077591538213892e+05
3.740417969873123802e+05
3.740659388848980307e+05
3.739982276133737760e+05
3.740859405447332538e+05
3.735500590427988791e+05
3.741220563705713139e+05
3.743222814826774411e+05
3.742620346516821883e+05
3.733374796516617062e+05
3.739721623900358099e+05
3.742081162794125266e+05
3.740653962096368195e+05
3.743331925101123052e+05
3.741928762239527423e+05
3.740859180548099685e+05
3.735656500357594341e+05
3.743862614349083160e+05
3.736375829646437778e+05
3.741795695023235749e+05
3.738306482175861020e+05
3.740658906663617818e+05
3.743831190257043345e+05
3.738989161417708383e+05
3.740851158951348625e+05
3.741234432849111618e+05
3.743393998159689363e+05
3.730030921127673937e+05
3.743311371681799646e+05
3.723392765535761137e+05
3.740397230027549667e+05
3.737605300415828824e+05
3.743924404743813793e+05
3.742964767004521564e+05
3.740147324530119076e+05
3.743478083787320065e+05
3.740487330809416017e+05
3.741718581192034762e+05
3.744428883929642034e+05
3.743013320259763859e+05
3.743066853103902540e+05
3.741460241579499561e+05
3.743067519686206360e+05
3.743280488915718743e+05
3.744808848777132225e+05
3.731244712354774238e+05
3.745148720495787566e+05
3.740691842783935717e+05
3.743146494744101074e+05
3.744996211977109197e+05
3.743590787384808064e+05
3.742527082392509328e+05
3.744480643079173751e+05
