1.380433589575535969e-02
4.819576065955288868e-03
1.572678032300744988e-02
9.086107705491119901e-03
1.490227380975350790e-02
1.891058514475552066e-02
8.708861815165946929e-03
1.994429915766937622e-02
1.600399167105126530e-02
9.169715095134867155e-03
2.274998340323453050e-02
4.132836497003911091e-04
4.293511798892701847e-03
1.754128988566061587e-02
2.795991933401476004e-02
6.509919785099627099e-03
1.316125204406781712e-02
1.547300934333240008e-02
6.962040242983746907e-04
1.559731652195361917e-03
1.057869100351482849e-02
1.564725265752520134e-02
1.038231325098537550e-02
6.891529343731273016e-03
1.157648102845976190e-02
7.963253207710074832e-03
5.849538149167443635e-03
1.418239821716182902e-02
4.650449975796444591e-03
1.624533400958272367e-02
3.933417183144438667e-03
2.833212687632369331e-03
9.571779717777229024e-03
2.453532235634137137e-02
1.309722016234804443e-03
1.285130199348005764e-02
2.812653953506760729e-02
2.776093349554287215e-02
1.643420913497939395e-02
3.241149458265146777e-02
1.389917004073426554e-03
1.664844386290242895e-02
1.392129270245323625e-02
2.102997890581614904e-02
9.146686929378144981e-03
9.650069683679429744e-03
1.834983677518775558e-02
1.216083934708400704e-03
4.172466292212129169e-03
1.175284995815273348e-02
1.496222050195805675e-02
9.161878094152253738e-03
1.774784765504255901e-02
1.754836674471071944e-03
6.724234006230345173e-03
1.705985676831911491e-02
1.879744147567530277e-02
2.030847726721662916e-02
2.785775401706169774e-02
1.964084792301856730e-02
2.800397772094909143e-02
1.368616745381956434e-02
3.414365899525373393e-03
1.214396115210569782e-02
7.212756203251569076e-03
2.335376184979343073e-02
2.605650826511718421e-02
9.284360052415285836e-03
1.913095673719000800e-03
2.034709117125554911e-02
4.669065452218479351e-02
1.180742291360403762e-02
6.208508831791137439e-03
3.559437473315885114e-03
4.703547865488544311e-03
1.845089629022078626e-03
1.224021368668237741e-02
1.113995687040025828e-02
2.121024262893489443e-02
9.571689365700741803e-03
2.871795330953608172e-03
1.512739186703937477e-02
5.281312370499779973e-03
6.854812036182433843e-03
9.513132207194185952e-03
1.173176856157454040e-02
8.915559125135863461e-03
4.605581271823089295e-03
2.064350150889926461e-02
2.542657289077010496e-02
1.127370297205132488e-02
1.406529185236182755e-02
7.728040705214045403e-03
8.269028928542532242e-03
1.474016524079058144e-02
4.211896836612161188e-03
8.599373306572344333e-03
1.438439972552574275e-02
4.037189806810781434e-03
1.067613906467079765e-02
1.337053856124592599e-03
1.929877102460131333e-02
2.841371497665390322e-03
7.004918563635387230e-03
3.338254177962374225e-02
8.944780612580638390e-03
1.894171855074522348e-02
8.801349948980075055e-03
1.107686286233344752e-02
1.193896887345768931e-02
2.433677458342753397e-02
1.145854187574135707e-02
8.125702671381462849e-03
9.086270860277467776e-03
7.815477072952825566e-03
2.639405844892750430e-03
2.015390777482439777e-02
9.934150479168346592e-04
1.484436941399491783e-02
9.551436263994350639e-03
1.139110776239515843e-03
2.443539562982421920e-02
6.421028166456510533e-03
2.173578347786975229e-03
8.537553135427256024e-03
7.204967356429614611e-03
1.554234539853216468e-02
1.532066635791662357e-02
1.146229400066101078e-02
3.950214794336637247e-02
4.370906652992889718e-03
2.711816651004728129e-02
6.107215440539270901e-03
1.330842678693500147e-02
8.751594826553743545e-03
2.356536826144084440e-02
1.369847229185927606e-02
2.732381680942452817e-02
1.693788948043750686e-02
2.200572974759695821e-02
1.269789285848632598e-02
8.619617595282846878e-03
3.573570357884081616e-03
7.552683559853945461e-03
3.229360726246621738e-02
1.485824373955624278e-02
4.710487150098807696e-03
1.355060726728696263e-02
9.582833277166691310e-03
1.401751495923941881e-02
1.362779703940297793e-02
2.631963490063893296e-02
1.080581436366345738e-02
8.882124479809849760e-04
1.113840868185178579e-02
2.358172162045446552e-02
2.443683466412649441e-02
1.099509205218873742e-02
1.260507568516300303e-02
7.950416979811691931e-03
3.396827559432491483e-03
1.166130263853815130e-02
3.656864894980182967e-03
7.962891322169651787e-03
1.386590503017115505e-02
4.282713424015538450e-03
1.297816077152069703e-02
9.763181109161411797e-04
9.144957354776384051e-04
1.325133095119235271e-02
2.604470434345307339e-04
3.146605219101594741e-03
5.905638931599677122e-03
2.581023467043586095e-03
1.216970099868830424e-02
1.187106778635271809e-02
1.333610115630390336e-02
2.315235828424633269e-02
1.475689268313806757e-02
1.909695121526644446e-02
8.103951796647690387e-03
2.553431380324333588e-02
1.972966392686503756e-02
1.811100633627749090e-02
7.312255244015020139e-03
2.031849396177620726e-02
9.555238256030440525e-03
1.426193060759461950e-02
6.556974854257768826e-03
1.287457730921892640e-02
8.866647037972352763e-03
1.766719080898881966e-02
5.888736492022927926e-03
2.552716432798762813e-02
2.773092498016938023e-03
1.409847795842866791e-02
1.632238157743215456e-02
5.813305848419991761e-03
1.096401678627523246e-02
7.435057919810139637e-03
1.129195733013066416e-03
4.838858566693970964e-03
3.348235160839596603e-03
2.963885054241810479e-02
1.630040954030120837e-02
1.765258955835624644e-02
1.330699398138457390e-02
1.939719441215070894e-02
1.377697665794630488e-02
2.689176617776345424e-03
1.301207749938626534e-02
2.790650501982128162e-03
5.449925162504420939e-03
6.480423399234047643e-03
9.897575782568446279e-03
9.684738507695356269e-03
1.206204428286139496e-02
1.164109815473080012e-02
8.982387634786093145e-03
1.304117457170517191e-02
5.820933952218387830e-03
7.359333924055078135e-03
1.424764975709391646e-02
1.197598826989521026e-02
1.964581323514136280e-02
1.223268388326292921e-02
1.426195028649090979e-02
1.386026206441237640e-03
7.983377278410586086e-03
1.766026274982723798e-02
1.420264279348992797e-02
1.742924053947336738e-02
6.649444239084090214e-03
4.198715679278208768e-03
3.062522167920023186e-03
2.129654482541099014e-06
2.383277820864826424e-02
1.845297118522215563e-02
9.849083007761771924e-03
1.002501213297379845e-02
6.582507068392806637e-03
1.343304903475117662e-02
1.908411157146527870e-02
1.268299481638524018e-02
2.490591122585716910e-02
7.124122004848132406e-03
1.949505948484075990e-02
9.452074050368408642e-03
8.885332599557704825e-03
1.782916277128676619e-03
1.179567277970328121e-02
9.038964080795963696e-03
6.058352380882370269e-03
1.598090967977650045e-02
1.132810652523019712e-03
4.979252756120100543e-03
8.492200343658273809e-04
2.926924154681387336e-02
1.929074176073464209e-02
1.090540277215201748e-02
5.813715438675814973e-03
1.094266362510420976e-02
3.971574535857724797e-03
6.243477530339047732e-03
1.886706647923452884e-02
1.870680004915392658e-02
1.709265708617846435e-02
2.488446709279168445e-03
1.938925729311569146e-02
1.168009378315060243e-02
1.805735845834766096e-03
8.167440302065287483e-03
2.022481744650561630e-02
7.860538563674190904e-03
1.497739364587025168e-02
5.774272623664256088e-04
2.247423369857792785e-02
1.711153253387642792e-02
2.182875482371338105e-02
1.382397610894159357e-02
1.924448841348913586e-02
2.194121899248691054e-02
6.560858768322019863e-03
1.161769353087704904e-02
9.777474784268824770e-03
9.147284676859768204e-03
2.481177836082260058e-04
8.741447731848595026e-03
7.340518312294319614e-03
1.300891839113216264e-02
1.168212581199290501e-02
1.538897044378606527e-02
8.803688770387951834e-03
1.580195586904364902e-03
8.371690822813304678e-03
1.078425058838061723e-02
1.545321592655091170e-02
1.835219363404050341e-02
7.646833130046437610e-03
5.270817656221837844e-03
9.551332416061875108e-03
9.277700833574265005e-04
8.800670654671272075e-03
4.453865539252865879e-03
1.123173658199427827e-02
6.012854327559935541e-03
1.147988436595481776e-02
1.432761346178013095e-02
3.705419846243729332e-03
1.909544923551087514e-02
1.533867213365913695e-02
6.578358649528603941e-03
8.064945129745870744e-03
1.235557243732310351e-02
1.429954661521448678e-02
9.641497697854939375e-03
5.931705324477398733e-03
1.523797068139332023e-02
3.753335454288908579e-03
7.787979425881275120e-03
7.852616429546599441e-03
2.008946248172827076e-03
8.315827385302676511e-03
9.785937396853960912e-03
1.283282809693220283e-02
1.505916105095683744e-02
1.081901268793195037e-02
1.063193469303291838e-02
8.179841586960945321e-03
6.027373344392517041e-03
8.156499987083121184e-03
5.591590452366346220e-03
1.029186123474412629e-02
6.729290845905011587e-03
8.337783546628174669e-03
4.970571661870204494e-03
5.420766940152588198e-03
9.061785649615017313e-03
9.975142860027430558e-03
8.388232862611588736e-03
9.182861219634963490e-03
1.072099345089871925e-02
6.148646564926196767e-03
9.652302860471140278e-03
4.489872687628349013e-03
1.758326190081793694e-02
9.515326137925383954e-03
1.185722607628625358e-02
8.967013527344080970e-03
1.418238408663197170e-02
6.917546722199352516e-03
3.600889175530475050e-03
2.044888083555407299e-02
6.810172294652971914e-03
1.073314347208564890e-02
1.623631319913820814e-02
9.649933024667767256e-03
1.188868756134342508e-02
9.688745777250096225e-03
7.240570535742785196e-03
8.028043921906813374e-03
6.262603678234279769e-03
9.349499502744107460e-03
8.132044992541276329e-03
5.230521381676567216e-03
1.127113903160981145e-02
4.703297443501730513e-03
4.418610953900392602e-03
1.138195906816652503e-02
7.766532768291867228e-03
1.021107316916425312e-02
5.517358028312990825e-03
1.258818545175977022e-02
5.795910440280160891e-03
6.706140433406782009e-03
6.411389698962488559e-03
9.664607307434236461e-03
7.197788042955344245e-03
1.116621579480414628e-02
6.881407253144899983e-03
7.125981714932949629e-03
8.049826432576900892e-03
7.092888032773303486e-03
6.514606382746257474e-03
5.754254872164410450e-03
1.059037708644261500e-02
9.913650879280311301e-03
3.942920176170483515e-03
9.237619413569375659e-03
9.705657928697930537e-03
7.058396479407091917e-03
8.279890130556410988e-03
8.719631055260412822e-03
9.927616965332175525e-03
7.765692280291780492e-03
3.819054088818774062e-03
9.282869855135600368e-03
7.039354012086440626e-03
8.270260167959064823e-03
1.005689809216114838e-02
1.446292656040548685e-02
8.225684238562513961e-03
5.071719852564271491e-03
8.386711209468544759e-03
1.071725196822126414e-02
1.091403680858904490e-02
4.922307371099998718e-03
1.485168685007987044e-02
7.952675464713676590e-03
1.537954464480839611e-02
9.105487844085380367e-03
6.609327806268661121e-03
7.873287246326632349e-03
1.254140727333896699e-02
1.108926679186184039e-02
1.031078590294920438e-02
9.614702258419760561e-03
9.537696785055005400e-03
1.173672336948394790e-02
7.554501882708231086e-03
1.242753722220757417e-02
9.531687667148958099e-03
3.512038239554704511e-03
1.266776437146543977e-02
1.135133957847878072e-02
1.045840103406681099e-02
6.977964116439472342e-03
5.204133653641029866e-03
1.112713333162884677e-02
1.080958158184763818e-02
1.297983314388861942e-02
8.652357714608038819e-03
1.034716423861381518e-02
5.743904948767974972e-03
8.317244668184287093e-03
1.015470911458038472e-02
1.084051469059055250e-02
4.762668367113143120e-03
1.299278820199811779e-02
7.358808521367499189e-03
5.520364523791565503e-03
8.256696313473810278e-03
7.800618966919414810e-03
8.503011638264501570e-03
3.866403368595561219e-03
1.487902283066699916e-02
6.216283818812895490e-03
9.229791874805437502e-03
4.844110200040829817e-03
1.147013236068272768e-02
6.790755116224511667e-03
8.578851352643801498e-03
1.061942218037859043e-02
7.710870429154303984e-03
1.031317710126411491e-02
9.895190653703700434e-03
8.945173002089412684e-03
7.996011785224133028e-03
7.480321601396555664e-03
9.305927636261479563e-03
6.415340207669428807e-03
5.260808607565947703e-03
6.217160121917530979e-03
8.852331092321974459e-03
9.751547796151505132e-03
5.979508856237658598e-03
2.745989260404591015e-03
4.970744665034665388e-03
7.804960292136953193e-03
5.886954562094870447e-03
8.281442103411307265e-03
5.702556841404637922e-03
4.924187265575419303e-03
5.414558033832728157e-03
6.788112326869488733e-03
4.242581536576972567e-03
3.301293851367459453e-03
7.747300538509582779e-03
8.278267726289589845e-03
7.044556123719347696e-03
6.646974445781550500e-03
9.197151665685132649e-03
6.646671451664198926e-03
8.358726627954782273e-03
8.905203105252779139e-03
1.181474860131925819e-02
7.473457672877437119e-03
8.451302103030799984e-03
5.383636023929994074e-03
8.565340322491343805e-03
4.456069105882809467e-03
1.014097268450042666e-02
5.056261345015022890e-03
8.506191443381716510e-03
6.037997017019791635e-03
6.767894485739112120e-03
5.494633438502427580e-03
1.095971161679565320e-02
6.713594538245937215e-03
5.717424295849982130e-03
8.003370982541668788e-03
8.254029354478165104e-03
5.050636694114318814e-03
7.708649007722057078e-03
9.033337210853198407e-03
9.277385869611132208e-03
6.643168494169460203e-03
5.977450175665977028e-03
8.564568487832935340e-03
6.327189386861720166e-03
7.564350765835725632e-03
9.192078557480831691e-03
7.433340886807471293e-03
6.237927590140301959e-03
7.669584188255695878e-03
1.048923912960830762e-02
9.800773606694290763e-03
6.125310224936564296e-03
7.325136274242916024e-03
8.422596290828976429e-03
9.330267052643614889e-03
7.086950063636132668e-03
5.597020423291354518e-03
3.100395187625615279e-03
4.527188289526584697e-03
6.272425199419506825e-03
5.579354910928424616e-03
6.574486301079374151e-03
8.097849481619734391e-03
6.309163044640131446e-03
6.142225253034871990e-03
7.020254026137040526e-03
7.288269943174441323e-03
7.563308456914108469e-03
7.122817418609095341e-03
7.611066833850932412e-03
6.744473550449159305e-03
5.454351544314617328e-03
7.394299525394942840e-03
7.381567818754986021e-03
6.481694434258167270e-03
6.904903902518855219e-03
7.328811018512348952e-03
7.233842948405233564e-03
6.827378057059796390e-03
6.844845785344610967e-03
6.853393105941796293e-03
5.051572535297643718e-03
8.313169337316517193e-03
5.604669122521221958e-03
7.682868721089475272e-03
5.477256669367824848e-03
4.300805812745722712e-03
7.524628076208683680e-03
6.830680152996926324e-03
5.368035328588982580e-03
5.968075004712858345e-03
6.645291330289126996e-03
7.144106860818788540e-03
7.918955507788316694e-03
7.138325414861368401e-03
6.411311268417874132e-03
4.737079285352052693e-03
7.008580269986075528e-03
7.384727900704546322e-03
5.633261603251171756e-03
6.784806457723169260e-03
8.221879298115020163e-03
6.012520606018867397e-03
6.304201265314057778e-03
6.243605657361706029e-03
6.582728452423913801e-03
5.818617458294261802e-03
6.788084747287981280e-03
6.148735751528855431e-03
6.887203215673820544e-03
6.710854334148974587e-03
5.398801259164365263e-03
7.042591567515521511e-03
6.455891410690917098e-03
6.163322725345032893e-03
6.228416102379341623e-03
5.799505392551695948e-03
5.126766571801999461e-03
7.060700865157087946e-03
7.859056006172315811e-03
6.552812735686197598e-03
6.130623208763674725e-03
5.212732017451982003e-03
6.965492884493551529e-03
8.130912908435261599e-03
7.022091962509136032e-03
6.641753143015405314e-03
6.008853921213974658e-03
6.031165113898340202e-03
7.616827112634894092e-03
6.028333127794383017e-03
7.185523094459633775e-03
4.698713617391270247e-03
6.910367476378076468e-03
7.782948297228586831e-03
5.397158202026575147e-03
7.042918931424835272e-03
7.220904107723136178e-03
7.197712810070422407e-03
8.302649757270352815e-03
6.448734543377909745e-03
8.658812487854938844e-03
4.503880658198178288e-03
5.698684434920275876e-03
5.218734309867301135e-03
6.954855195530407208e-03
6.730026352507634257e-03
5.831781811623137912e-03
5.920867955923059256e-03
5.080283999154611152e-03
8.546009902229867450e-03
7.790791372895511380e-03
5.833416652345491116e-03
7.148819149404572748e-03
5.389607127815110310e-03
7.416867472060273414e-03
5.340999996735318334e-03
5.465536156835426596e-03
5.879169121521088393e-03
6.244528433400398093e-03
5.333113608085526813e-03
6.799399664587091330e-03
5.661421980262204556e-03
5.363862386056794662e-03
5.803037577277181391e-03
6.562928059384964818e-03
6.685119308535769633e-03
6.330556039134904722e-03
4.918272510487931015e-03
8.522818514264285383e-03
6.203857698165782253e-03
7.075172235480264860e-03
7.548599178212378469e-03
6.152511526487769444e-03
7.880865660715330456e-03
7.498464148945394037e-03
7.070633775014156797e-03
5.712520191398118286e-03
6.759808001243428066e-03
7.381400739679300216e-03
5.638753495075254918e-03
6.851870220648037524e-03
5.383445131063480105e-03
5.312557771341097634e-03
4.920658088946039399e-03
6.268882248633089738e-03
7.102405088452834470e-03
5.282231889644828371e-03
6.275558243270085157e-03
5.399324759596479950e-03
5.935293837601052225e-03
6.450314866772499656e-03
6.427350499087269853e-03
7.880397923828774687e-03
5.165561817643160580e-03
6.206735871901458701e-03
7.968559960098930972e-03
5.934495091626246221e-03
6.335171272544348753e-03
7.538191135910587981e-03
6.984863719561751338e-03
6.487123909296399482e-03
5.409144527840914485e-03
6.832188641209713253e-03
5.830468167586033701e-03
7.537320811418224409e-03
6.599078641820299573e-03
5.136470598080422612e-03
6.116913442333560269e-03
6.765660616802726679e-03
5.769869416962891684e-03
5.615881598859173707e-03
7.467833495574893732e-03
6.649493198771283531e-03
5.957032544617546499e-03
5.727640195479444252e-03
6.401128629773156220e-03
6.392131863677819048e-03
4.352599239267229692e-03
6.834750339104855854e-03
6.755346345401092023e-03
6.881034208244152239e-03
6.535742228051200087e-03
7.382461027932607500e-03
5.266750047095314358e-03
5.853723641950248080e-03
6.920531416370168110e-03
7.977896171166731776e-03
6.070574372965764631e-03
5.501397577210354051e-03
6.880758027286049128e-03
6.831337212097055023e-03
7.654655603164917110e-03
6.154017896740193727e-03
7.057703737570419911e-03
6.572118153664208151e-03
4.987698132305595777e-03
6.221164414231372675e-03
5.533482433397352018e-03
5.779531501132972870e-03
7.842249348644969587e-03
6.143332172074522646e-03
6.774494410748843620e-03
6.257400443143823487e-03
7.381818502839698759e-03
4.840993742088128826e-03
6.253658256716754238e-03
6.416208662098021875e-03
7.538647913449714189e-03
7.104344947644447572e-03
5.521704145474815029e-03
6.436179104020944841e-03
5.349710262658624593e-03
6.772337377855541796e-03
6.924091008450927731e-03
6.293097491490540207e-03
6.658235744895213415e-03
5.397857934551941739e-03
7.911921652482667433e-03
6.547090447379999567e-03
6.434893571943822721e-03
7.226971736320031425e-03
6.601396059444430975e-03
6.869205836970926349e-03
6.104970296792577855e-03
7.029504785123430466e-03
6.158284653012935372e-03
5.402323272947873178e-03
6.717740255726689647e-03
5.894276981281754146e-03
5.759066513930100051e-03
6.042930495617881981e-03
5.788593584573620277e-03
5.956440573936405691e-03
6.487829666933508932e-03
6.516493807802725691e-03
6.002247504653168697e-03
5.688202810858355996e-03
5.799269912488247414e-03
6.798476294791355734e-03
7.976589929759247966e-03
6.631828719030563590e-03
6.337932178624661184e-03
5.851517051187249407e-03
6.992462309603597603e-03
7.686948241505064949e-03
5.851580954961965730e-03
6.088678771932642952e-03
5.388071779474090661e-03
6.708706259566654673e-03
7.651663678767128829e-03
5.856664687781787393e-03
5.620948564475924947e-03
6.156839310701989199e-03
7.617856931091515627e-03
6.790409397764207711e-03
5.439558814419931387e-03
5.302812631434172808e-03
7.194932770139828015e-03
5.867159705129187941e-03
6.588483142549450555e-03
6.334610933080186967e-03
7.005785503875872067e-03
6.884801418856056898e-03
5.358773632221813799e-03
6.019552288287877140e-03
6.024740282679630354e-03
6.640761774600045797e-03
6.002042010728181332e-03
6.198797068837746949e-03
6.022792851155478466e-03
6.430157440851180795e-03
6.339867920572395121e-03
6.503017912628417108e-03
6.663879844878040082e-03
6.639472732364537499e-03
7.034382062758526288e-03
6.498310199475887394e-03
6.002962118535903890e-03
6.045113434288706955e-03
6.531236885151003868e-03
5.807879831646878266e-03
7.019172578524690564e-03
6.356521515742841189e-03
6.438195038745098131e-03
6.803875703024209187e-03
5.761266874449333386e-03
6.511348763785229643e-03
6.908386440483305080e-03
6.562338033710091167e-03
6.143868837245158865e-03
6.751142628920625555e-03
7.112750639975073952e-03
7.324285973971611519e-03
6.687135747463601732e-03
6.420303345280209406e-03
5.916121895742088022e-03
6.300741053441472062e-03
6.306399934900674964e-03
5.818780062276651677e-03
6.123358646446197540e-03
5.947345322785069222e-03
6.941339053673223347e-03
6.666361485028082789e-03
5.992623381800732396e-03
6.981571539172670704e-03
6.788934596646201136e-03
6.171733000704504590e-03
6.663544984279790029e-03
6.716227898549975706e-03
7.284309654214005114e-03
5.887637147713009611e-03
5.651757152528191774e-03
5.431549960654313836e-03
5.918011750293827866e-03
6.453170637453098379e-03
5.778809664403139479e-03
6.193477974624661542e-03
6.354680975587667646e-03
5.949935540434325709e-03
5.924839840930951063e-03
5.797985613098410873e-03
6.082441981497987982e-03
6.098369694364058624e-03
7.057942806701023031e-03
6.542374414810536720e-03
7.265024609009018697e-03
6.650177861480033314e-03
6.046755244558887910e-03
6.728319085130940458e-03
7.253338732643443976e-03
7.368240159803085554e-03
6.424825204542572443e-03
7.588249003248392910e-03
7.403937447633013313e-03
5.677058528537948234e-03
5.703053413239289604e-03
6.053000892730531213e-03
5.880412286151659451e-03
6.494284110408643507e-03
6.185008268761116312e-03
6.495615179588853927e-03
5.978333359539123038e-03
5.681285561653259819e-03
6.289288210583166006e-03
6.764213184827561065e-03
6.507403053127469583e-03
6.127513883808388684e-03
6.846056351833995635e-03
5.848253080828036410e-03
6.618949525413087009e-03
5.971720029404159469e-03
7.294524847557881664e-03
6.181252055881936158e-03
5.124660151184401435e-03
7.076014839828781433e-03
6.228384746216120149e-03
6.723276441691128369e-03
6.214044749716207683e-03
6.802245462811606913e-03
6.668329233653458310e-03
5.832892195959615833e-03
6.557768819879683520e-03
6.163018819998256070e-03
6.718477682362999914e-03
6.284535549409553390e-03
6.201965235606676785e-03
6.521782659318575703e-03
6.014532485948520524e-03
5.620829271056670962e-03
6.997846033886645500e-03
6.480614036901810593e-03
5.889049346948560526e-03
6.207338549806706851e-03
6.483155931049644494e-03
6.635739036132570767e-03
5.980647738083377796e-03
6.149477643123568704e-03
6.604151133795532758e-03
6.574133939749593480e-03
5.758595076994943440e-03
6.508491331569721261e-03
6.394143168889976359e-03
6.314603918313954622e-03
5.943513398866451247e-03
6.752912986671910645e-03
6.372573516701285357e-03
6.310712152891029270e-03
6.776603075182685565e-03
7.013556151249877857e-03
6.607077568762442787e-03
6.574351986651683077e-03
5.801449047740048215e-03
6.488345166770437267e-03
6.487666234066713500e-03
6.625698585723704959e-03
5.608483280416742822e-03
6.624695775709121826e-03
6.036751533402884284e-03
5.877386483623014968e-03
6.421507053543829002e-03
5.757167714851241236e-03
6.595017573562400592e-03
6.434623372590819734e-03
6.045323127179313971e-03
6.567110810224319195e-03
6.069579978938421938e-03
7.046465143197955250e-03
7.200843894543007551e-03
6.299383566320093664e-03
6.437993078124093493e-03
6.535806178206371442e-03
5.785206887490068617e-03
6.193856439760558885e-03
6.366093858623855795e-03
6.681982820105014653e-03
5.807376572577460649e-03
5.841684900921295664e-03
6.515393269786118324e-03
6.051142265075859505e-03
6.280140926134825108e-03
6.534610436997878580e-03
6.163548222841819246e-03
6.452872284003596803e-03
6.007838022610512141e-03
5.974366011595622084e-03
5.627015834068216371e-03
5.659036212372847707e-03
6.427545799727929499e-03
5.632639848885512279e-03
6.385819012871274403e-03
6.356346807564472456e-03
5.898028095937646320e-03
6.872097269231325356e-03
6.228880485636190123e-03
5.989617983687800518e-03
6.573677044278580794e-03
6.039447711077672309e-03
6.890279093565987445e-03
6.157956543573761543e-03
6.352075051005989792e-03
6.477069104327548565e-03
6.524994249621718367e-03
5.615675144723830670e-03
5.924249458808317215e-03
6.612118342006256810e-03
6.051524356983306596e-03
6.065583087652703931e-03
6.779467799855609655e-03
6.165400464281822757e-03
5.797472431354755429e-03
6.653066844037214267e-03
6.679504528640078931e-03
5.998308506023342090e-03
5.987645713570799444e-03
6.338001181894314939e-03
6.216434492594680172e-03
6.779736383872525529e-03
6.582189105889590941e-03
6.734987949115534001e-03
6.421995283596659831e-03
6.304346110403868941e-03
6.734731174622199390e-03
6.538933450184081231e-03
6.516437861291080047e-03
6.510504057148480683e-03
6.279858302595142661e-03
6.706910745081451353e-03
6.604297681039206225e-03
6.245237486955268480e-03
6.259207901609054048e-03
6.589829531430391185e-03
5.872922097634236671e-03
5.969509307230169703e-03
6.676589604960425639e-03
6.342506313039786292e-03
6.312598355188492327e-03
5.941597240969209714e-03
6.305761230083972713e-03
6.220344333992544605e-03
6.135493634626398851e-03
6.124021096133747122e-03
6.152787031559747710e-03
6.357680065015691717e-03
6.224276100523673527e-03
6.342434604795554876e-03
6.237107416451004305e-03
5.856779570968639881e-03
6.106096426586993253e-03
6.715868559507010005e-03
6.214903454689446605e-03
6.253730243508393016e-03
5.998076388535111825e-03
6.526436822436698648e-03
