1.000000000000000000e+00
1.010000000000000009e+00
1.020000000000000018e+00
1.020000000000000018e+00
1.030000000000000027e+00
1.040000000000000036e+00
1.050000000000000044e+00
1.050000000000000044e+00
1.060000000000000053e+00
1.070000000000000062e+00
1.080000000000000071e+00
1.090000000000000080e+00
1.100000000000000089e+00
1.100000000000000089e+00
1.110000000000000098e+00
1.120000000000000107e+00
1.130000000000000115e+00
1.140000000000000124e+00
1.150000000000000133e+00
1.159999999999999920e+00
1.159999999999999920e+00
1.169999999999999929e+00
1.179999999999999938e+00
1.189999999999999947e+00
1.199999999999999956e+00
1.209999999999999964e+00
1.219999999999999973e+00
1.229999999999999982e+00
1.239999999999999991e+00
1.250000000000000000e+00
1.260000000000000009e+00
1.270000000000000018e+00
1.280000000000000027e+00
1.290000000000000036e+00
1.300000000000000044e+00
1.310000000000000053e+00
1.320000000000000062e+00
1.330000000000000071e+00
1.340000000000000080e+00
1.350000000000000089e+00
1.360000000000000098e+00
1.370000000000000107e+00
1.380000000000000115e+00
1.390000000000000124e+00
1.400000000000000133e+00
1.409999999999999920e+00
1.419999999999999929e+00
1.429999999999999938e+00
1.439999999999999947e+00
1.449999999999999956e+00
1.459999999999999964e+00
1.469999999999999973e+00
1.489999999999999991e+00
1.500000000000000000e+00
1.510000000000000009e+00
1.520000000000000018e+00
1.530000000000000027e+00
1.540000000000000036e+00
1.550000000000000044e+00
1.570000000000000062e+00
1.580000000000000071e+00
1.590000000000000080e+00
1.600000000000000089e+00
1.620000000000000107e+00
1.630000000000000115e+00
1.640000000000000124e+00
1.650000000000000133e+00
1.660000000000000142e+00
1.679999999999999938e+00
1.689999999999999947e+00
1.699999999999999956e+00
1.719999999999999973e+00
1.729999999999999982e+00
1.739999999999999991e+00
1.760000000000000009e+00
1.770000000000000018e+00
1.780000000000000027e+00
1.800000000000000044e+00
1.810000000000000053e+00
1.820000000000000062e+00
1.840000000000000080e+00
1.850000000000000089e+00
1.870000000000000107e+00
1.880000000000000115e+00
1.890000000000000124e+00
1.910000000000000142e+00
1.919999999999999929e+00
1.939999999999999947e+00
1.949999999999999956e+00
1.969999999999999973e+00
1.979999999999999982e+00
2.000000000000000000e+00
2.010000000000000231e+00
2.030000000000000249e+00
2.040000000000000036e+00
2.060000000000000053e+00
2.080000000000000071e+00
2.089999999999999858e+00
2.109999999999999876e+00
2.120000000000000107e+00
2.140000000000000124e+00
2.160000000000000142e+00
2.169999999999999929e+00
2.189999999999999947e+00
2.209999999999999964e+00
2.220000000000000195e+00
2.240000000000000213e+00
2.260000000000000231e+00
2.270000000000000018e+00
2.290000000000000036e+00
2.310000000000000053e+00
2.330000000000000071e+00
2.339999999999999858e+00
2.359999999999999876e+00
2.379999999999999893e+00
2.399999999999999911e+00
2.419999999999999929e+00
2.439999999999999947e+00
2.450000000000000178e+00
2.470000000000000195e+00
2.490000000000000213e+00
2.510000000000000231e+00
2.530000000000000249e+00
2.550000000000000266e+00
2.569999999999999840e+00
2.589999999999999858e+00
2.609999999999999876e+00
2.629999999999999893e+00
2.649999999999999911e+00
2.669999999999999929e+00
2.689999999999999947e+00
2.709999999999999964e+00
2.729999999999999982e+00
2.750000000000000000e+00
2.770000000000000018e+00
2.790000000000000036e+00
2.810000000000000053e+00
2.839999999999999858e+00
2.859999999999999876e+00
2.879999999999999893e+00
2.899999999999999911e+00
2.919999999999999929e+00
2.950000000000000178e+00
2.970000000000000195e+00
2.990000000000000213e+00
3.010000000000000231e+00
3.040000000000000036e+00
3.060000000000000053e+00
3.080000000000000071e+00
3.109999999999999876e+00
3.129999999999999893e+00
3.149999999999999911e+00
3.180000000000000160e+00
3.200000000000000178e+00
3.229999999999999982e+00
3.250000000000000000e+00
3.280000000000000249e+00
3.300000000000000266e+00
3.330000000000000071e+00
3.350000000000000089e+00
3.379999999999999893e+00
3.399999999999999911e+00
3.430000000000000160e+00
3.459999999999999964e+00
3.479999999999999982e+00
3.510000000000000231e+00
3.540000000000000036e+00
3.560000000000000053e+00
3.589999999999999858e+00
3.620000000000000107e+00
3.649999999999999911e+00
3.669999999999999929e+00
3.700000000000000178e+00
3.729999999999999982e+00
3.760000000000000231e+00
3.790000000000000036e+00
3.820000000000000284e+00
3.839999999999999858e+00
3.870000000000000107e+00
3.899999999999999911e+00
3.930000000000000160e+00
3.959999999999999964e+00
3.990000000000000213e+00
4.020000000000000462e+00
4.060000000000000497e+00
4.089999999999999858e+00
4.120000000000000107e+00
4.150000000000000355e+00
4.179999999999999716e+00
4.209999999999999964e+00
4.240000000000000213e+00
4.280000000000000249e+00
4.310000000000000497e+00
4.339999999999999858e+00
4.379999999999999893e+00
4.410000000000000142e+00
4.440000000000000391e+00
4.480000000000000426e+00
4.509999999999999787e+00
4.549999999999999822e+00
4.580000000000000071e+00
4.610000000000000320e+00
4.650000000000000355e+00
4.690000000000000391e+00
4.719999999999999751e+00
4.759999999999999787e+00
4.790000000000000036e+00
4.830000000000000071e+00
4.870000000000000107e+00
4.900000000000000355e+00
4.940000000000000391e+00
4.980000000000000426e+00
5.020000000000000462e+00
5.060000000000000497e+00
5.089999999999999858e+00
5.129999999999999893e+00
5.169999999999999929e+00
5.209999999999999964e+00
5.250000000000000000e+00
5.290000000000000036e+00
5.330000000000000071e+00
5.370000000000000107e+00
5.410000000000000142e+00
5.459999999999999964e+00
5.500000000000000000e+00
5.540000000000000036e+00
5.580000000000000071e+00
5.620000000000000107e+00
5.669999999999999929e+00
5.709999999999999964e+00
5.750000000000000000e+00
5.799999999999999822e+00
5.839999999999999858e+00
5.889999999999999680e+00
5.929999999999999716e+00
5.980000000000000426e+00
6.020000000000000462e+00
6.070000000000000284e+00
6.120000000000000107e+00
6.160000000000000142e+00
6.209999999999999964e+00
6.259999999999999787e+00
6.299999999999999822e+00
6.350000000000000533e+00
6.400000000000000355e+00
6.450000000000000178e+00
6.500000000000000000e+00
6.549999999999999822e+00
6.600000000000000533e+00
6.650000000000000355e+00
6.700000000000000178e+00
6.750000000000000000e+00
6.799999999999999822e+00
6.850000000000000533e+00
6.910000000000000142e+00
6.959999999999999964e+00
7.009999999999999787e+00
7.070000000000000284e+00
7.120000000000000107e+00
7.179999999999999716e+00
7.230000000000000426e+00
7.290000000000000036e+00
7.339999999999999858e+00
7.400000000000000355e+00
7.450000000000000178e+00
7.509999999999999787e+00
7.570000000000000284e+00
7.629999999999999893e+00
7.679999999999999716e+00
7.740000000000000213e+00
7.799999999999999822e+00
7.860000000000000320e+00
7.919999999999999929e+00
7.980000000000000426e+00
8.040000000000000924e+00
8.099999999999999645e+00
8.169999999999999929e+00
8.230000000000000426e+00
8.290000000000000924e+00
8.349999999999999645e+00
8.419999999999999929e+00
8.480000000000000426e+00
8.550000000000000711e+00
8.609999999999999432e+00
8.679999999999999716e+00
8.740000000000000213e+00
8.810000000000000497e+00
8.880000000000000782e+00
8.950000000000001066e+00
9.009999999999999787e+00
9.080000000000000071e+00
9.150000000000000355e+00
9.220000000000000639e+00
9.290000000000000924e+00
9.359999999999999432e+00
9.439999999999999503e+00
9.509999999999999787e+00
9.580000000000000071e+00
9.650000000000000355e+00
9.730000000000000426e+00
9.800000000000000711e+00
9.880000000000000782e+00
9.950000000000001066e+00
1.002999999999999936e+01
1.009999999999999964e+01
1.017999999999999972e+01
1.025999999999999979e+01
1.033999999999999986e+01
1.041999999999999993e+01
1.050000000000000000e+01
1.058000000000000007e+01
1.066000000000000014e+01
1.074000000000000021e+01
1.082000000000000028e+01
1.090000000000000036e+01
1.099000000000000021e+01
1.107000000000000028e+01
1.116000000000000014e+01
1.124000000000000021e+01
1.133000000000000007e+01
1.141000000000000014e+01
1.150000000000000000e+01
1.158999999999999986e+01
1.167999999999999972e+01
1.176999999999999957e+01
1.185999999999999943e+01
1.195000000000000107e+01
1.204000000000000092e+01
1.213000000000000078e+01
1.222000000000000064e+01
1.231000000000000050e+01
1.241000000000000014e+01
1.250000000000000000e+01
1.259999999999999964e+01
1.270000000000000107e+01
1.279000000000000092e+01
1.289000000000000057e+01
1.299000000000000021e+01
1.308999999999999986e+01
1.318999999999999950e+01
1.329000000000000092e+01
1.339000000000000057e+01
1.349000000000000021e+01
1.359999999999999964e+01
1.370000000000000107e+01
1.380000000000000071e+01
1.391000000000000014e+01
1.401999999999999957e+01
1.412000000000000099e+01
1.423000000000000043e+01
1.433999999999999986e+01
1.445000000000000107e+01
1.456000000000000050e+01
1.466999999999999993e+01
1.478000000000000114e+01
1.489000000000000057e+01
1.500999999999999979e+01
1.512000000000000099e+01
1.524000000000000021e+01
1.535999999999999943e+01
1.547000000000000064e+01
1.558999999999999986e+01
1.571000000000000085e+01
1.583000000000000007e+01
1.595000000000000107e+01
1.607000000000000028e+01
1.619999999999999929e+01
1.632000000000000028e+01
1.644000000000000128e+01
1.657000000000000028e+01
1.669999999999999929e+01
1.682000000000000028e+01
1.694999999999999929e+01
1.708000000000000185e+01
1.721000000000000085e+01
1.733999999999999986e+01
1.748000000000000043e+01
1.760999999999999943e+01
1.774000000000000199e+01
1.787999999999999901e+01
1.801999999999999957e+01
1.815000000000000213e+01
1.828999999999999915e+01
1.842999999999999972e+01
1.857000000000000028e+01
1.871000000000000085e+01
1.885999999999999943e+01
1.900000000000000000e+01
1.915000000000000213e+01
1.928999999999999915e+01
1.944000000000000128e+01
1.958999999999999986e+01
1.974000000000000199e+01
1.989000000000000057e+01
2.003999999999999915e+01
2.019000000000000128e+01
2.035000000000000142e+01
2.050000000000000000e+01
2.066000000000000014e+01
2.082000000000000028e+01
2.098000000000000043e+01
2.114000000000000057e+01
2.130000000000000071e+01
2.146000000000000085e+01
2.162000000000000099e+01
2.178999999999999915e+01
2.196000000000000085e+01
2.212000000000000099e+01
2.228999999999999915e+01
2.246000000000000085e+01
2.262999999999999901e+01
2.280999999999999872e+01
2.298000000000000043e+01
2.316000000000000014e+01
2.333000000000000185e+01
2.351000000000000156e+01
2.369000000000000128e+01
2.387000000000000099e+01
2.406000000000000227e+01
2.424000000000000199e+01
2.442000000000000171e+01
2.460999999999999943e+01
2.480000000000000071e+01
2.499000000000000199e+01
2.517999999999999972e+01
2.537000000000000099e+01
2.557000000000000028e+01
2.576000000000000156e+01
2.596000000000000085e+01
2.616000000000000014e+01
2.635999999999999943e+01
2.656000000000000227e+01
2.676000000000000156e+01
2.696000000000000085e+01
2.717000000000000171e+01
2.737999999999999901e+01
2.758999999999999986e+01
2.780000000000000071e+01
2.801000000000000156e+01
2.821999999999999886e+01
2.844000000000000128e+01
2.866000000000000014e+01
2.887000000000000099e+01
2.910000000000000142e+01
2.932000000000000028e+01
2.953999999999999915e+01
2.976999999999999957e+01
2.999000000000000199e+01
3.021999999999999886e+01
3.044999999999999929e+01
3.069000000000000128e+01
3.092000000000000171e+01
3.116000000000000014e+01
3.140000000000000213e+01
3.162999999999999901e+01
3.187999999999999901e+01
3.211999999999999744e+01
3.236999999999999744e+01
3.260999999999999943e+01
3.285999999999999943e+01
3.310999999999999943e+01
3.336999999999999744e+01
3.361999999999999744e+01
3.388000000000000256e+01
3.414000000000000057e+01
3.439999999999999858e+01
3.466000000000000369e+01
3.492000000000000171e+01
3.518999999999999773e+01
3.546000000000000085e+01
3.573000000000000398e+01
3.600000000000000000e+01
3.628000000000000114e+01
3.656000000000000227e+01
3.682999999999999829e+01
3.711999999999999744e+01
3.739999999999999858e+01
3.767999999999999972e+01
3.796999999999999886e+01
3.825999999999999801e+01
3.855000000000000426e+01
3.885000000000000142e+01
3.914999999999999858e+01
3.945000000000000284e+01
3.975000000000000000e+01
4.005000000000000426e+01
4.035999999999999943e+01
4.066000000000000369e+01
4.096999999999999886e+01
4.128999999999999915e+01
4.160000000000000142e+01
4.192000000000000171e+01
4.224000000000000199e+01
4.256000000000000227e+01
4.289000000000000057e+01
4.321999999999999886e+01
4.355000000000000426e+01
4.388000000000000256e+01
4.421000000000000085e+01
4.455000000000000426e+01
4.489000000000000057e+01
4.523000000000000398e+01
4.557999999999999829e+01
4.592999999999999972e+01
4.628000000000000114e+01
4.663000000000000256e+01
4.699000000000000199e+01
4.735000000000000142e+01
4.771000000000000085e+01
4.807000000000000028e+01
4.843999999999999773e+01
4.881000000000000227e+01
4.917999999999999972e+01
4.956000000000000227e+01
4.993999999999999773e+01
5.032000000000000028e+01
5.070000000000000284e+01
5.109000000000000341e+01
5.148000000000000398e+01
5.187000000000000455e+01
5.227000000000000313e+01
5.267000000000000171e+01
5.307000000000000028e+01
5.348000000000000398e+01
5.389000000000000057e+01
5.430000000000000426e+01
5.471000000000000085e+01
5.513000000000000256e+01
5.555000000000000426e+01
5.596999999999999886e+01
5.639999999999999858e+01
5.682999999999999829e+01
5.727000000000000313e+01
5.770000000000000284e+01
5.814999999999999858e+01
5.859000000000000341e+01
5.903999999999999915e+01
5.949000000000000199e+01
5.993999999999999773e+01
6.039999999999999858e+01
6.085999999999999943e+01
6.132999999999999829e+01
6.178999999999999915e+01
6.227000000000000313e+01
6.274000000000000199e+01
6.321999999999999886e+01
6.370000000000000284e+01
6.418999999999999773e+01
6.468000000000000682e+01
6.517000000000000171e+01
6.567000000000000171e+01
6.617000000000000171e+01
6.668000000000000682e+01
6.718999999999999773e+01
6.770000000000000284e+01
6.821999999999999886e+01
6.873999999999999488e+01
6.926999999999999602e+01
6.979000000000000625e+01
7.032999999999999829e+01
7.085999999999999943e+01
7.140999999999999659e+01
7.195000000000000284e+01
7.250000000000000000e+01
7.304999999999999716e+01
7.360999999999999943e+01
7.417000000000000171e+01
7.473999999999999488e+01
7.531000000000000227e+01
7.589000000000000057e+01
7.646999999999999886e+01
7.704999999999999716e+01
7.764000000000000057e+01
7.823000000000000398e+01
7.882999999999999829e+01
7.943000000000000682e+01
8.004000000000000625e+01
8.065000000000000568e+01
8.126999999999999602e+01
8.189000000000000057e+01
8.251000000000000512e+01
8.314000000000000057e+01
8.378000000000000114e+01
8.442000000000000171e+01
8.506000000000000227e+01
8.571000000000000796e+01
8.637000000000000455e+01
8.703000000000000114e+01
8.768999999999999773e+01
8.835999999999999943e+01
8.903000000000000114e+01
8.971000000000000796e+01
9.040000000000000568e+01
9.109000000000000341e+01
9.179000000000000625e+01
9.248999999999999488e+01
9.318999999999999773e+01
9.390000000000000568e+01
9.462000000000000455e+01
9.534000000000000341e+01
9.607000000000000739e+01
9.681000000000000227e+01
9.754999999999999716e+01
9.829000000000000625e+01
9.904000000000000625e+01
9.979999999999999716e+01
1.005600000000000023e+02
1.013299999999999983e+02
1.021000000000000085e+02
1.028799999999999955e+02
1.036700000000000017e+02
1.044600000000000080e+02
1.052600000000000051e+02
1.060600000000000023e+02
1.068700000000000045e+02
1.076899999999999977e+02
1.085100000000000051e+02
1.093400000000000034e+02
1.101700000000000017e+02
1.110199999999999960e+02
1.118599999999999994e+02
1.127199999999999989e+02
1.135799999999999983e+02
1.144500000000000028e+02
1.153200000000000074e+02
1.162000000000000028e+02
1.170900000000000034e+02
1.179800000000000040e+02
1.188799999999999955e+02
1.197900000000000063e+02
1.207100000000000080e+02
1.216299999999999955e+02
1.225600000000000023e+02
1.234900000000000091e+02
1.244399999999999977e+02
1.253900000000000006e+02
1.263400000000000034e+02
1.273100000000000023e+02
1.282800000000000011e+02
1.292599999999999909e+02
1.302500000000000000e+02
1.312400000000000091e+02
1.322500000000000000e+02
1.332599999999999909e+02
1.342700000000000102e+02
1.353000000000000114e+02
1.363300000000000125e+02
1.373700000000000045e+02
1.384200000000000159e+02
1.394799999999999898e+02
1.405500000000000114e+02
1.416200000000000045e+02
1.427000000000000171e+02
1.437899999999999920e+02
1.448900000000000148e+02
1.460000000000000000e+02
1.471100000000000136e+02
1.482299999999999898e+02
1.493700000000000045e+02
1.505099999999999909e+02
1.516599999999999966e+02
1.528100000000000023e+02
1.539799999999999898e+02
1.551599999999999966e+02
1.563400000000000034e+02
1.575399999999999920e+02
1.587400000000000091e+02
1.599500000000000171e+02
1.611700000000000159e+02
1.624099999999999966e+02
1.636500000000000057e+02
1.649000000000000057e+02
1.661500000000000057e+02
1.674200000000000159e+02
1.687000000000000171e+02
1.699900000000000091e+02
1.712899999999999920e+02
1.725999999999999943e+02
1.739200000000000159e+02
1.752400000000000091e+02
1.765800000000000125e+02
1.779300000000000068e+02
1.792899999999999920e+02
1.806599999999999966e+02
1.820399999999999920e+02
1.834300000000000068e+02
1.848300000000000125e+02
1.862400000000000091e+02
1.876599999999999966e+02
1.890999999999999943e+02
1.905399999999999920e+02
1.920000000000000000e+02
1.934600000000000080e+02
1.949399999999999977e+02
1.964300000000000068e+02
1.979300000000000068e+02
1.994399999999999977e+02
2.009699999999999989e+02
2.025000000000000000e+02
2.040500000000000114e+02
2.056100000000000136e+02
2.071800000000000068e+02
2.087599999999999909e+02
2.103499999999999943e+02
2.119600000000000080e+02
2.135800000000000125e+02
2.152100000000000080e+02
2.168499999999999943e+02
2.185099999999999909e+02
2.201800000000000068e+02
2.218600000000000136e+02
2.235500000000000114e+02
2.252599999999999909e+02
2.269800000000000182e+02
2.287199999999999989e+02
2.304600000000000080e+02
2.322199999999999989e+02
2.340000000000000000e+02
2.357800000000000011e+02
2.375800000000000125e+02
2.394000000000000057e+02
2.412300000000000182e+02
2.430699999999999932e+02
2.449300000000000068e+02
2.468000000000000114e+02
2.486800000000000068e+02
2.505800000000000125e+02
2.524900000000000091e+02
2.544200000000000159e+02
2.563700000000000045e+02
2.583199999999999932e+02
2.603000000000000114e+02
2.622800000000000296e+02
2.642900000000000205e+02
2.663100000000000023e+02
2.683400000000000318e+02
2.703899999999999864e+02
2.724499999999999886e+02
2.745400000000000205e+02
2.766299999999999955e+02
2.787500000000000000e+02
2.808700000000000045e+02
2.830199999999999818e+02
2.851800000000000068e+02
2.873600000000000136e+02
2.895500000000000114e+02
2.917699999999999818e+02
2.939900000000000091e+02
2.962400000000000091e+02
2.985000000000000000e+02
3.007800000000000296e+02
3.030799999999999841e+02
3.053899999999999864e+02
3.077300000000000182e+02
3.100799999999999841e+02
3.124399999999999977e+02
3.148299999999999841e+02
3.172300000000000182e+02
3.196600000000000250e+02
3.221000000000000227e+02
3.245600000000000023e+02
3.270400000000000205e+02
3.295400000000000205e+02
3.320500000000000114e+02
3.345900000000000318e+02
3.371399999999999864e+02
3.397200000000000273e+02
3.423100000000000023e+02
3.449300000000000068e+02
3.475600000000000023e+02
3.502200000000000273e+02
3.528899999999999864e+02
3.555900000000000318e+02
3.583000000000000114e+02
3.610400000000000205e+02
3.638000000000000114e+02
3.665799999999999841e+02
3.693799999999999955e+02
3.721999999999999886e+02
3.750400000000000205e+02
3.779000000000000341e+02
3.807900000000000205e+02
3.836999999999999886e+02
3.866299999999999955e+02
3.895799999999999841e+02
3.925600000000000023e+02
3.955500000000000114e+02
3.985799999999999841e+02
4.016200000000000045e+02
4.046899999999999977e+02
4.077800000000000296e+02
4.108899999999999864e+02
4.140300000000000296e+02
4.171899999999999977e+02
4.203799999999999955e+02
4.235900000000000318e+02
4.268299999999999841e+02
4.300900000000000318e+02
4.333700000000000045e+02
4.366800000000000068e+02
4.400099999999999909e+02
4.433799999999999955e+02
4.467599999999999909e+02
4.501700000000000159e+02
4.536100000000000136e+02
4.570799999999999841e+02
4.605699999999999932e+02
4.640900000000000318e+02
4.676299999999999955e+02
4.711999999999999886e+02
4.748000000000000114e+02
4.784300000000000068e+02
4.820799999999999841e+02
4.857599999999999909e+02
4.894700000000000273e+02
4.932100000000000364e+02
4.969800000000000182e+02
5.007700000000000387e+02
5.046000000000000227e+02
5.084499999999999886e+02
5.123400000000000318e+02
5.162500000000000000e+02
5.201900000000000546e+02
5.241599999999999682e+02
5.281699999999999591e+02
5.322000000000000455e+02
5.362699999999999818e+02
5.403600000000000136e+02
5.444900000000000091e+02
5.486499999999999773e+02
5.528400000000000318e+02
5.570600000000000591e+02
5.613100000000000591e+02
5.656000000000000227e+02
5.699199999999999591e+02
5.742699999999999818e+02
5.786599999999999682e+02
5.830800000000000409e+02
5.875299999999999727e+02
5.920199999999999818e+02
5.965399999999999636e+02
6.011000000000000227e+02
6.056900000000000546e+02
6.103100000000000591e+02
6.149800000000000182e+02
6.196699999999999591e+02
6.244099999999999682e+02
6.291699999999999591e+02
6.339800000000000182e+02
6.388200000000000500e+02
6.437000000000000455e+02
6.486200000000000045e+02
6.535700000000000500e+02
6.585600000000000591e+02
6.635900000000000318e+02
6.686599999999999682e+02
6.737699999999999818e+02
6.789099999999999682e+02
6.841000000000000227e+02
6.893200000000000500e+02
6.945900000000000318e+02
6.998899999999999864e+02
7.052400000000000091e+02
7.106299999999999955e+02
7.160500000000000682e+02
7.215199999999999818e+02
7.270299999999999727e+02
7.325800000000000409e+02
7.381800000000000637e+02
7.438200000000000500e+02
7.495000000000000000e+02
7.552200000000000273e+02
7.609900000000000091e+02
7.668000000000000682e+02
7.726599999999999682e+02
7.785600000000000591e+02
7.845099999999999909e+02
7.905000000000000000e+02
7.965399999999999636e+02
8.026200000000000045e+02
8.087500000000000000e+02
8.149300000000000637e+02
8.211499999999999773e+02
8.274200000000000728e+02
8.337400000000000091e+02
8.401100000000000136e+02
8.465299999999999727e+02
8.529900000000000091e+02
8.595099999999999909e+02
8.660700000000000500e+02
8.726900000000000546e+02
8.793500000000000227e+02
8.860700000000000500e+02
8.928300000000000409e+02
8.996499999999999773e+02
9.065199999999999818e+02
9.134500000000000455e+02
9.204200000000000728e+02
9.274500000000000455e+02
9.345399999999999636e+02
9.416700000000000728e+02
9.488700000000000045e+02
9.561100000000000136e+02
9.634200000000000728e+02
9.707699999999999818e+02
9.781900000000000546e+02
9.856599999999999682e+02
9.931900000000000546e+02
1.000769999999999982e+03
1.008420000000000073e+03
1.016120000000000005e+03
1.023879999999999995e+03
1.031700000000000045e+03
1.039579999999999927e+03
1.047519999999999982e+03
1.055519999999999982e+03
1.063579999999999927e+03
1.071700000000000045e+03
1.079890000000000100e+03
1.088140000000000100e+03
1.096450000000000045e+03
1.104819999999999936e+03
1.113259999999999991e+03
1.121759999999999991e+03
1.130329999999999927e+03
1.138960000000000036e+03
1.147660000000000082e+03
1.156430000000000064e+03
1.165259999999999991e+03
1.174160000000000082e+03
1.183130000000000109e+03
1.192160000000000082e+03
1.201269999999999982e+03
1.210440000000000055e+03
1.219690000000000055e+03
1.229000000000000000e+03
1.238390000000000100e+03
1.247850000000000136e+03
1.257380000000000109e+03
1.266980000000000018e+03
1.276660000000000082e+03
1.286410000000000082e+03
1.296230000000000018e+03
1.306130000000000109e+03
1.316110000000000127e+03
1.326160000000000082e+03
1.336289999999999964e+03
1.346490000000000009e+03
1.356779999999999973e+03
1.367140000000000100e+03
1.377579999999999927e+03
1.388100000000000136e+03
1.398710000000000036e+03
1.409390000000000100e+03
1.420150000000000091e+03
1.431000000000000000e+03
1.441930000000000064e+03
1.452940000000000055e+03
1.464039999999999964e+03
1.475220000000000027e+03
1.486490000000000009e+03
1.497839999999999918e+03
1.509279999999999973e+03
1.520809999999999945e+03
1.532420000000000073e+03
1.544130000000000109e+03
1.555920000000000073e+03
1.567799999999999955e+03
1.579779999999999973e+03
1.591840000000000146e+03
1.604000000000000000e+03
1.616250000000000000e+03
1.628590000000000146e+03
1.641029999999999973e+03
1.653569999999999936e+03
1.666200000000000045e+03
1.678920000000000073e+03
1.691740000000000009e+03
1.704660000000000082e+03
1.717680000000000064e+03
1.730799999999999955e+03
1.744019999999999982e+03
1.757340000000000146e+03
1.770759999999999991e+03
1.784289999999999964e+03
1.797920000000000073e+03
1.811650000000000091e+03
1.825480000000000018e+03
1.839430000000000064e+03
1.853470000000000027e+03
1.867630000000000109e+03
1.881890000000000100e+03
1.896269999999999982e+03
1.910750000000000000e+03
1.925340000000000146e+03
1.940049999999999955e+03
1.954870000000000118e+03
1.969799999999999955e+03
1.984840000000000146e+03
2.000000000000000000e+03
