1.000000000000000000e+00
1.000000000000000000e+00
1.010000000000000009e+00
1.010000000000000009e+00
1.020000000000000018e+00
1.020000000000000018e+00
1.030000000000000027e+00
1.030000000000000027e+00
1.040000000000000036e+00
1.040000000000000036e+00
1.050000000000000044e+00
1.050000000000000044e+00
1.060000000000000053e+00
1.060000000000000053e+00
1.070000000000000062e+00
1.070000000000000062e+00
1.080000000000000071e+00
1.080000000000000071e+00
1.090000000000000080e+00
1.090000000000000080e+00
1.100000000000000089e+00
1.100000000000000089e+00
1.110000000000000098e+00
1.110000000000000098e+00
1.120000000000000107e+00
1.120000000000000107e+00
1.130000000000000115e+00
1.130000000000000115e+00
1.140000000000000124e+00
1.140000000000000124e+00
1.150000000000000133e+00
1.150000000000000133e+00
1.159999999999999920e+00
1.159999999999999920e+00
1.169999999999999929e+00
1.179999999999999938e+00
1.179999999999999938e+00
1.189999999999999947e+00
1.189999999999999947e+00
1.199999999999999956e+00
1.199999999999999956e+00
1.209999999999999964e+00
1.209999999999999964e+00
1.219999999999999973e+00
1.219999999999999973e+00
1.229999999999999982e+00
1.239999999999999991e+00
1.239999999999999991e+00
1.250000000000000000e+00
1.250000000000000000e+00
1.260000000000000009e+00
1.270000000000000018e+00
1.270000000000000018e+00
1.280000000000000027e+00
1.280000000000000027e+00
1.290000000000000036e+00
1.290000000000000036e+00
1.300000000000000044e+00
1.310000000000000053e+00
1.310000000000000053e+00
1.320000000000000062e+00
1.320000000000000062e+00
1.330000000000000071e+00
1.340000000000000080e+00
1.340000000000000080e+00
1.350000000000000089e+00
1.360000000000000098e+00
1.360000000000000098e+00
1.370000000000000107e+00
1.370000000000000107e+00
1.380000000000000115e+00
1.390000000000000124e+00
1.390000000000000124e+00
1.400000000000000133e+00
1.409999999999999920e+00
1.409999999999999920e+00
1.419999999999999929e+00
1.429999999999999938e+00
1.429999999999999938e+00
1.439999999999999947e+00
1.449999999999999956e+00
1.449999999999999956e+00
1.459999999999999964e+00
1.469999999999999973e+00
1.469999999999999973e+00
1.479999999999999982e+00
1.489999999999999991e+00
1.489999999999999991e+00
1.500000000000000000e+00
1.510000000000000009e+00
1.510000000000000009e+00
1.520000000000000018e+00
1.530000000000000027e+00
1.540000000000000036e+00
1.540000000000000036e+00
1.550000000000000044e+00
1.560000000000000053e+00
1.560000000000000053e+00
1.570000000000000062e+00
1.580000000000000071e+00
1.590000000000000080e+00
1.590000000000000080e+00
1.600000000000000089e+00
1.610000000000000098e+00
1.620000000000000107e+00
1.620000000000000107e+00
1.630000000000000115e+00
1.640000000000000124e+00
1.650000000000000133e+00
1.650000000000000133e+00
1.660000000000000142e+00
1.669999999999999929e+00
1.679999999999999938e+00
1.679999999999999938e+00
1.689999999999999947e+00
1.699999999999999956e+00
1.709999999999999964e+00
1.709999999999999964e+00
1.719999999999999973e+00
1.729999999999999982e+00
1.739999999999999991e+00
1.750000000000000000e+00
1.750000000000000000e+00
1.760000000000000009e+00
1.770000000000000018e+00
1.780000000000000027e+00
1.790000000000000036e+00
1.800000000000000044e+00
1.800000000000000044e+00
1.810000000000000053e+00
1.820000000000000062e+00
1.830000000000000071e+00
1.840000000000000080e+00
1.850000000000000089e+00
1.850000000000000089e+00
1.860000000000000098e+00
1.870000000000000107e+00
1.880000000000000115e+00
1.890000000000000124e+00
1.900000000000000133e+00
1.910000000000000142e+00
1.919999999999999929e+00
1.919999999999999929e+00
1.929999999999999938e+00
1.939999999999999947e+00
1.949999999999999956e+00
1.959999999999999964e+00
1.969999999999999973e+00
1.979999999999999982e+00
1.989999999999999991e+00
2.000000000000000000e+00
2.010000000000000231e+00
2.020000000000000018e+00
2.020000000000000018e+00
2.030000000000000249e+00
2.040000000000000036e+00
2.049999999999999822e+00
2.060000000000000053e+00
2.069999999999999840e+00
2.080000000000000071e+00
2.089999999999999858e+00
2.100000000000000089e+00
2.109999999999999876e+00
2.120000000000000107e+00
2.129999999999999893e+00
2.140000000000000124e+00
2.149999999999999911e+00
2.160000000000000142e+00
2.169999999999999929e+00
2.180000000000000160e+00
2.189999999999999947e+00
2.200000000000000178e+00
2.209999999999999964e+00
2.220000000000000195e+00
2.229999999999999982e+00
2.240000000000000213e+00
2.250000000000000000e+00
2.260000000000000231e+00
2.270000000000000018e+00
2.280000000000000249e+00
2.290000000000000036e+00
2.300000000000000266e+00
2.310000000000000053e+00
2.319999999999999840e+00
2.339999999999999858e+00
2.350000000000000089e+00
2.359999999999999876e+00
2.370000000000000107e+00
2.379999999999999893e+00
2.390000000000000124e+00
2.399999999999999911e+00
2.410000000000000142e+00
2.419999999999999929e+00
2.430000000000000160e+00
2.450000000000000178e+00
2.459999999999999964e+00
2.470000000000000195e+00
2.479999999999999982e+00
2.490000000000000213e+00
2.500000000000000000e+00
2.510000000000000231e+00
2.530000000000000249e+00
2.540000000000000036e+00
2.550000000000000266e+00
2.560000000000000053e+00
2.569999999999999840e+00
2.580000000000000071e+00
2.600000000000000089e+00
2.609999999999999876e+00
2.620000000000000107e+00
2.629999999999999893e+00
2.640000000000000124e+00
2.660000000000000142e+00
2.669999999999999929e+00
2.680000000000000160e+00
2.689999999999999947e+00
2.709999999999999964e+00
2.720000000000000195e+00
2.729999999999999982e+00
2.740000000000000213e+00
2.760000000000000231e+00
2.770000000000000018e+00
2.780000000000000249e+00
2.800000000000000266e+00
2.810000000000000053e+00
2.819999999999999840e+00
2.830000000000000071e+00
2.850000000000000089e+00
2.859999999999999876e+00
2.870000000000000107e+00
2.890000000000000124e+00
2.899999999999999911e+00
2.910000000000000142e+00
2.930000000000000160e+00
2.939999999999999947e+00
2.950000000000000178e+00
2.970000000000000195e+00
2.979999999999999982e+00
3.000000000000000000e+00
3.010000000000000231e+00
3.020000000000000018e+00
3.040000000000000036e+00
3.050000000000000266e+00
3.070000000000000284e+00
3.080000000000000071e+00
3.089999999999999858e+00
3.109999999999999876e+00
3.120000000000000107e+00
3.140000000000000124e+00
3.149999999999999911e+00
3.169999999999999929e+00
3.180000000000000160e+00
3.200000000000000178e+00
3.209999999999999964e+00
3.220000000000000195e+00
3.240000000000000213e+00
3.250000000000000000e+00
3.270000000000000018e+00
3.280000000000000249e+00
3.300000000000000266e+00
3.320000000000000284e+00
3.330000000000000071e+00
3.350000000000000089e+00
3.359999999999999876e+00
3.379999999999999893e+00
3.390000000000000124e+00
3.410000000000000142e+00
3.419999999999999929e+00
3.439999999999999947e+00
3.459999999999999964e+00
3.470000000000000195e+00
3.490000000000000213e+00
3.500000000000000000e+00
3.520000000000000018e+00
3.540000000000000036e+00
3.550000000000000266e+00
3.570000000000000284e+00
3.589999999999999858e+00
3.600000000000000089e+00
3.620000000000000107e+00
3.640000000000000124e+00
3.649999999999999911e+00
3.669999999999999929e+00
3.689999999999999947e+00
3.700000000000000178e+00
3.720000000000000195e+00
3.740000000000000213e+00
3.750000000000000000e+00
3.770000000000000018e+00
3.790000000000000036e+00
3.810000000000000053e+00
3.820000000000000284e+00
3.839999999999999858e+00
3.859999999999999876e+00
3.879999999999999893e+00
3.899999999999999911e+00
3.910000000000000142e+00
3.930000000000000160e+00
3.950000000000000178e+00
3.970000000000000195e+00
3.990000000000000213e+00
4.009999999999999787e+00
4.020000000000000462e+00
4.040000000000000036e+00
4.060000000000000497e+00
4.080000000000000071e+00
4.099999999999999645e+00
4.120000000000000107e+00
4.139999999999999680e+00
4.160000000000000142e+00
4.169999999999999929e+00
4.190000000000000391e+00
4.209999999999999964e+00
4.230000000000000426e+00
4.250000000000000000e+00
4.270000000000000462e+00
4.290000000000000036e+00
4.310000000000000497e+00
4.330000000000000071e+00
4.350000000000000533e+00
4.370000000000000107e+00
4.389999999999999680e+00
4.410000000000000142e+00
4.429999999999999716e+00
4.450000000000000178e+00
4.469999999999999751e+00
4.490000000000000213e+00
4.509999999999999787e+00
4.540000000000000036e+00
4.560000000000000497e+00
4.580000000000000071e+00
4.600000000000000533e+00
4.620000000000000107e+00
4.639999999999999680e+00
4.660000000000000142e+00
4.679999999999999716e+00
4.709999999999999964e+00
4.730000000000000426e+00
4.750000000000000000e+00
4.770000000000000462e+00
4.790000000000000036e+00
4.820000000000000284e+00
4.839999999999999858e+00
4.860000000000000320e+00
4.879999999999999893e+00
4.910000000000000142e+00
4.929999999999999716e+00
4.950000000000000178e+00
4.969999999999999751e+00
5.000000000000000000e+00
5.020000000000000462e+00
5.040000000000000036e+00
5.070000000000000284e+00
5.089999999999999858e+00
5.110000000000000320e+00
5.139999999999999680e+00
5.160000000000000142e+00
5.179999999999999716e+00
5.209999999999999964e+00
5.230000000000000426e+00
5.259999999999999787e+00
5.280000000000000249e+00
5.310000000000000497e+00
5.330000000000000071e+00
5.350000000000000533e+00
5.379999999999999893e+00
5.400000000000000355e+00
5.429999999999999716e+00
5.450000000000000178e+00
5.480000000000000426e+00
5.500000000000000000e+00
5.530000000000000249e+00
5.560000000000000497e+00
5.580000000000000071e+00
5.610000000000000320e+00
5.629999999999999893e+00
5.660000000000000142e+00
5.690000000000000391e+00
5.709999999999999964e+00
5.740000000000000213e+00
5.759999999999999787e+00
5.790000000000000036e+00
5.820000000000000284e+00
5.839999999999999858e+00
5.870000000000000107e+00
5.900000000000000355e+00
5.929999999999999716e+00
5.950000000000000178e+00
5.980000000000000426e+00
6.009999999999999787e+00
6.040000000000000036e+00
6.060000000000000497e+00
6.089999999999999858e+00
6.120000000000000107e+00
6.150000000000000355e+00
6.179999999999999716e+00
6.209999999999999964e+00
6.230000000000000426e+00
6.259999999999999787e+00
6.290000000000000036e+00
6.320000000000000284e+00
6.350000000000000533e+00
6.379999999999999893e+00
6.410000000000000142e+00
6.440000000000000391e+00
6.469999999999999751e+00
6.500000000000000000e+00
6.530000000000000249e+00
6.560000000000000497e+00
6.589999999999999858e+00
6.620000000000000107e+00
6.650000000000000355e+00
6.679999999999999716e+00
6.709999999999999964e+00
6.740000000000000213e+00
6.770000000000000462e+00
6.810000000000000497e+00
6.839999999999999858e+00
6.870000000000000107e+00
6.900000000000000355e+00
6.929999999999999716e+00
6.959999999999999964e+00
7.000000000000000000e+00
7.030000000000000249e+00
7.060000000000000497e+00
7.089999999999999858e+00
7.129999999999999893e+00
7.160000000000000142e+00
7.190000000000000391e+00
7.230000000000000426e+00
7.259999999999999787e+00
7.290000000000000036e+00
7.330000000000000071e+00
7.360000000000000320e+00
7.390000000000000568e+00
7.429999999999999716e+00
7.459999999999999964e+00
7.500000000000000000e+00
7.530000000000000249e+00
7.570000000000000284e+00
7.600000000000000533e+00
7.640000000000000568e+00
7.669999999999999929e+00
7.709999999999999964e+00
7.740000000000000213e+00
7.780000000000000249e+00
7.810000000000000497e+00
7.850000000000000533e+00
7.890000000000000568e+00
7.919999999999999929e+00
7.959999999999999964e+00
8.000000000000000000e+00
8.029999999999999361e+00
8.070000000000000284e+00
8.109999999999999432e+00
8.150000000000000355e+00
8.179999999999999716e+00
8.220000000000000639e+00
8.259999999999999787e+00
8.300000000000000711e+00
8.339999999999999858e+00
8.370000000000000995e+00
8.410000000000000142e+00
8.449999999999999289e+00
8.490000000000000213e+00
8.529999999999999361e+00
8.570000000000000284e+00
8.609999999999999432e+00
8.650000000000000355e+00
8.689999999999999503e+00
8.730000000000000426e+00
8.769999999999999574e+00
8.810000000000000497e+00
8.849999999999999645e+00
8.890000000000000568e+00
8.929999999999999716e+00
8.970000000000000639e+00
9.009999999999999787e+00
9.060000000000000497e+00
9.099999999999999645e+00
9.140000000000000568e+00
9.179999999999999716e+00
9.220000000000000639e+00
9.269999999999999574e+00
9.310000000000000497e+00
9.349999999999999645e+00
9.400000000000000355e+00
9.439999999999999503e+00
9.480000000000000426e+00
9.529999999999999361e+00
9.570000000000000284e+00
9.620000000000000995e+00
9.660000000000000142e+00
9.700000000000001066e+00
9.750000000000000000e+00
9.790000000000000924e+00
9.839999999999999858e+00
9.890000000000000568e+00
9.929999999999999716e+00
9.980000000000000426e+00
1.001999999999999957e+01
1.007000000000000028e+01
1.012000000000000099e+01
1.016000000000000014e+01
1.021000000000000085e+01
1.025999999999999979e+01
1.030000000000000071e+01
1.034999999999999964e+01
1.040000000000000036e+01
1.045000000000000107e+01
1.050000000000000000e+01
1.054000000000000092e+01
1.058999999999999986e+01
1.064000000000000057e+01
1.068999999999999950e+01
1.074000000000000021e+01
1.079000000000000092e+01
1.083999999999999986e+01
1.089000000000000057e+01
1.093999999999999950e+01
1.099000000000000021e+01
1.104000000000000092e+01
1.108999999999999986e+01
1.114000000000000057e+01
1.120000000000000107e+01
1.125000000000000000e+01
1.130000000000000071e+01
1.134999999999999964e+01
1.140000000000000036e+01
1.146000000000000085e+01
1.150999999999999979e+01
1.156000000000000050e+01
1.162000000000000099e+01
1.166999999999999993e+01
1.172000000000000064e+01
1.177999999999999936e+01
1.183000000000000007e+01
1.189000000000000057e+01
1.193999999999999950e+01
1.200000000000000000e+01
1.205000000000000071e+01
1.210999999999999943e+01
1.216000000000000014e+01
1.222000000000000064e+01
1.228000000000000114e+01
1.233000000000000007e+01
1.239000000000000057e+01
1.245000000000000107e+01
1.250999999999999979e+01
1.256000000000000050e+01
1.262000000000000099e+01
1.267999999999999972e+01
1.274000000000000021e+01
1.280000000000000071e+01
1.285999999999999943e+01
1.291999999999999993e+01
1.298000000000000043e+01
1.304000000000000092e+01
1.309999999999999964e+01
1.316000000000000014e+01
1.322000000000000064e+01
1.328000000000000114e+01
1.333999999999999986e+01
1.340000000000000036e+01
1.346000000000000085e+01
1.351999999999999957e+01
1.358999999999999986e+01
1.365000000000000036e+01
1.371000000000000085e+01
1.378000000000000114e+01
1.383999999999999986e+01
1.390000000000000036e+01
1.397000000000000064e+01
1.403000000000000114e+01
1.409999999999999964e+01
1.416000000000000014e+01
1.423000000000000043e+01
1.429000000000000092e+01
1.435999999999999943e+01
1.442999999999999972e+01
1.449000000000000021e+01
1.456000000000000050e+01
1.463000000000000078e+01
1.468999999999999950e+01
1.475999999999999979e+01
1.483000000000000007e+01
1.490000000000000036e+01
1.497000000000000064e+01
1.504000000000000092e+01
1.510999999999999943e+01
1.517999999999999972e+01
1.525000000000000000e+01
1.532000000000000028e+01
1.539000000000000057e+01
1.546000000000000085e+01
1.553000000000000114e+01
1.559999999999999964e+01
1.566999999999999993e+01
1.575000000000000000e+01
1.582000000000000028e+01
1.589000000000000057e+01
1.597000000000000064e+01
1.603999999999999915e+01
1.610999999999999943e+01
1.619000000000000128e+01
1.626000000000000156e+01
1.633999999999999986e+01
1.641000000000000014e+01
1.649000000000000199e+01
1.657000000000000028e+01
1.664000000000000057e+01
1.671999999999999886e+01
1.680000000000000071e+01
1.687000000000000099e+01
1.694999999999999929e+01
1.703000000000000114e+01
1.710999999999999943e+01
1.719000000000000128e+01
1.726999999999999957e+01
1.735000000000000142e+01
1.742999999999999972e+01
1.751000000000000156e+01
1.758999999999999986e+01
1.767000000000000171e+01
1.775000000000000000e+01
1.783000000000000185e+01
1.792000000000000171e+01
1.800000000000000000e+01
1.808000000000000185e+01
1.817000000000000171e+01
1.825000000000000000e+01
1.833000000000000185e+01
1.842000000000000171e+01
1.850000000000000000e+01
1.858999999999999986e+01
1.867999999999999972e+01
1.876000000000000156e+01
1.885000000000000142e+01
1.894000000000000128e+01
1.901999999999999957e+01
1.910999999999999943e+01
1.919999999999999929e+01
1.928999999999999915e+01
1.937999999999999901e+01
1.946999999999999886e+01
1.955999999999999872e+01
1.965000000000000213e+01
1.974000000000000199e+01
1.983000000000000185e+01
1.992000000000000171e+01
2.001000000000000156e+01
2.010000000000000142e+01
2.019999999999999929e+01
2.028999999999999915e+01
2.037999999999999901e+01
2.048000000000000043e+01
2.057000000000000028e+01
2.067000000000000171e+01
2.076000000000000156e+01
2.085999999999999943e+01
2.096000000000000085e+01
2.105000000000000071e+01
2.115000000000000213e+01
2.125000000000000000e+01
2.135000000000000142e+01
2.144999999999999929e+01
2.153999999999999915e+01
2.164000000000000057e+01
2.174000000000000199e+01
2.183999999999999986e+01
2.194999999999999929e+01
2.205000000000000071e+01
2.215000000000000213e+01
2.225000000000000000e+01
2.235000000000000142e+01
2.246000000000000085e+01
2.255999999999999872e+01
2.266000000000000014e+01
2.276999999999999957e+01
2.287000000000000099e+01
2.298000000000000043e+01
2.308999999999999986e+01
2.319000000000000128e+01
2.330000000000000071e+01
2.341000000000000014e+01
2.351999999999999957e+01
2.362999999999999901e+01
2.373000000000000043e+01
2.383999999999999986e+01
2.394999999999999929e+01
2.406000000000000227e+01
2.417999999999999972e+01
2.428999999999999915e+01
2.440000000000000213e+01
2.451000000000000156e+01
2.462999999999999901e+01
2.474000000000000199e+01
2.485000000000000142e+01
2.496999999999999886e+01
2.508000000000000185e+01
2.519999999999999929e+01
2.532000000000000028e+01
2.542999999999999972e+01
2.555000000000000071e+01
2.567000000000000171e+01
2.578999999999999915e+01
2.591000000000000014e+01
2.603000000000000114e+01
2.615000000000000213e+01
2.626999999999999957e+01
2.639000000000000057e+01
2.651000000000000156e+01
2.662999999999999901e+01
2.676000000000000156e+01
2.687999999999999901e+01
2.700000000000000000e+01
2.712999999999999901e+01
2.725000000000000000e+01
2.737999999999999901e+01
2.751000000000000156e+01
2.762999999999999901e+01
2.776000000000000156e+01
2.789000000000000057e+01
2.801999999999999957e+01
2.815000000000000213e+01
2.828000000000000114e+01
2.841000000000000014e+01
2.853999999999999915e+01
2.867000000000000171e+01
2.880000000000000071e+01
2.894000000000000128e+01
2.907000000000000028e+01
2.921000000000000085e+01
2.933999999999999986e+01
2.948000000000000043e+01
2.960999999999999943e+01
2.975000000000000000e+01
2.989000000000000057e+01
3.001999999999999957e+01
3.016000000000000014e+01
3.030000000000000071e+01
3.044000000000000128e+01
3.058000000000000185e+01
3.071999999999999886e+01
3.087000000000000099e+01
3.101000000000000156e+01
3.115000000000000213e+01
3.130000000000000071e+01
3.144000000000000128e+01
3.158999999999999986e+01
3.173000000000000043e+01
3.187999999999999901e+01
3.203000000000000114e+01
3.217000000000000171e+01
3.232000000000000028e+01
3.246999999999999886e+01
3.261999999999999744e+01
3.277000000000000313e+01
3.292000000000000171e+01
3.307999999999999829e+01
3.323000000000000398e+01
3.338000000000000256e+01
3.353999999999999915e+01
3.368999999999999773e+01
3.385000000000000142e+01
3.400000000000000000e+01
3.416000000000000369e+01
3.432000000000000028e+01
3.448000000000000398e+01
3.464000000000000057e+01
3.480000000000000426e+01
3.496000000000000085e+01
3.511999999999999744e+01
3.528000000000000114e+01
3.543999999999999773e+01
3.560999999999999943e+01
3.577000000000000313e+01
3.593999999999999773e+01
3.610000000000000142e+01
3.627000000000000313e+01
3.643999999999999773e+01
3.660999999999999943e+01
3.678000000000000114e+01
3.695000000000000284e+01
3.711999999999999744e+01
3.728999999999999915e+01
3.746000000000000085e+01
3.763000000000000256e+01
3.781000000000000227e+01
3.798000000000000398e+01
3.816000000000000369e+01
3.832999999999999829e+01
3.850999999999999801e+01
3.868999999999999773e+01
3.886999999999999744e+01
3.905000000000000426e+01
3.923000000000000398e+01
3.941000000000000369e+01
3.959000000000000341e+01
3.977000000000000313e+01
3.996000000000000085e+01
4.014000000000000057e+01
4.032999999999999829e+01
4.050999999999999801e+01
4.070000000000000284e+01
4.089000000000000057e+01
4.107999999999999829e+01
4.127000000000000313e+01
4.146000000000000085e+01
4.164999999999999858e+01
4.184000000000000341e+01
4.203999999999999915e+01
4.223000000000000398e+01
4.242999999999999972e+01
4.261999999999999744e+01
4.282000000000000028e+01
4.302000000000000313e+01
4.321999999999999886e+01
4.341000000000000369e+01
4.361999999999999744e+01
4.382000000000000028e+01
4.402000000000000313e+01
4.421999999999999886e+01
4.442999999999999972e+01
4.463000000000000256e+01
4.484000000000000341e+01
4.505000000000000426e+01
4.525000000000000000e+01
4.546000000000000085e+01
4.567000000000000171e+01
4.588000000000000256e+01
4.610000000000000142e+01
4.631000000000000227e+01
4.652000000000000313e+01
4.674000000000000199e+01
4.695000000000000284e+01
4.717000000000000171e+01
4.739000000000000057e+01
4.760999999999999943e+01
4.782999999999999829e+01
4.805000000000000426e+01
4.827000000000000313e+01
4.849000000000000199e+01
4.871999999999999886e+01
4.893999999999999773e+01
4.917000000000000171e+01
4.939999999999999858e+01
4.962000000000000455e+01
4.985000000000000142e+01
5.007999999999999829e+01
5.032000000000000028e+01
5.055000000000000426e+01
5.078000000000000114e+01
5.102000000000000313e+01
5.125000000000000000e+01
5.149000000000000199e+01
5.173000000000000398e+01
5.196999999999999886e+01
5.221000000000000085e+01
5.245000000000000284e+01
5.268999999999999773e+01
5.292999999999999972e+01
5.317999999999999972e+01
5.342000000000000171e+01
5.367000000000000171e+01
5.392000000000000171e+01
5.417000000000000171e+01
5.442000000000000171e+01
5.467000000000000171e+01
5.492000000000000171e+01
5.517000000000000171e+01
5.542999999999999972e+01
5.568999999999999773e+01
5.593999999999999773e+01
5.620000000000000284e+01
5.646000000000000085e+01
5.671999999999999886e+01
5.698000000000000398e+01
5.725000000000000000e+01
5.750999999999999801e+01
5.778000000000000114e+01
5.803999999999999915e+01
5.831000000000000227e+01
5.857999999999999829e+01
5.885000000000000142e+01
5.913000000000000256e+01
5.939999999999999858e+01
5.967000000000000171e+01
5.995000000000000284e+01
6.023000000000000398e+01
6.050000000000000000e+01
6.078000000000000114e+01
6.106000000000000227e+01
6.135000000000000142e+01
6.163000000000000256e+01
6.191000000000000369e+01
6.220000000000000284e+01
6.249000000000000199e+01
6.278000000000000114e+01
6.307000000000000028e+01
6.335999999999999943e+01
6.364999999999999858e+01
6.394000000000000483e+01
6.423999999999999488e+01
6.454000000000000625e+01
6.484000000000000341e+01
6.512999999999999545e+01
6.543999999999999773e+01
6.573999999999999488e+01
6.604000000000000625e+01
6.634999999999999432e+01
6.665000000000000568e+01
6.696000000000000796e+01
6.726999999999999602e+01
6.757999999999999829e+01
6.789000000000000057e+01
6.821000000000000796e+01
6.851999999999999602e+01
6.884000000000000341e+01
6.915999999999999659e+01
6.948000000000000398e+01
6.979999999999999716e+01
7.012000000000000455e+01
7.043999999999999773e+01
7.076999999999999602e+01
7.110000000000000853e+01
7.143000000000000682e+01
7.176000000000000512e+01
7.209000000000000341e+01
7.242000000000000171e+01
7.275000000000000000e+01
7.309000000000000341e+01
7.343000000000000682e+01
7.376999999999999602e+01
7.410999999999999943e+01
7.445000000000000284e+01
7.479999999999999716e+01
7.514000000000000057e+01
7.548999999999999488e+01
7.584000000000000341e+01
7.618999999999999773e+01
7.654000000000000625e+01
7.689000000000000057e+01
7.725000000000000000e+01
7.760999999999999943e+01
7.796000000000000796e+01
7.832000000000000739e+01
7.868999999999999773e+01
7.904999999999999716e+01
7.940999999999999659e+01
7.978000000000000114e+01
8.015000000000000568e+01
8.051999999999999602e+01
8.089000000000000057e+01
8.126999999999999602e+01
8.164000000000000057e+01
8.201999999999999602e+01
8.240000000000000568e+01
8.278000000000000114e+01
8.315999999999999659e+01
8.354999999999999716e+01
8.393000000000000682e+01
8.432000000000000739e+01
8.471000000000000796e+01
8.510000000000000853e+01
8.548999999999999488e+01
8.589000000000000057e+01
8.629000000000000625e+01
8.668000000000000682e+01
8.707999999999999829e+01
8.748999999999999488e+01
8.789000000000000057e+01
8.829999999999999716e+01
8.870000000000000284e+01
8.910999999999999943e+01
8.953000000000000114e+01
8.993999999999999773e+01
9.035999999999999943e+01
9.076999999999999602e+01
9.118999999999999773e+01
9.160999999999999943e+01
9.204000000000000625e+01
9.246000000000000796e+01
9.289000000000000057e+01
9.332000000000000739e+01
9.375000000000000000e+01
9.418000000000000682e+01
9.462000000000000455e+01
9.506000000000000227e+01
9.548999999999999488e+01
9.593999999999999773e+01
9.637999999999999545e+01
9.682000000000000739e+01
9.726999999999999602e+01
9.771999999999999886e+01
9.817000000000000171e+01
9.862999999999999545e+01
9.907999999999999829e+01
9.954000000000000625e+01
1.000000000000000000e+02
