1.091862623340418836e-01
1.386063839515961904e+00
5.838720899246578000e+00
1.658960969199145907e+01
3.723215360746655023e+01
9.165843095125320872e+01
1.983290900366406504e+02
3.773543930355843372e+02
6.498719662365965632e+02
1.134639214536846339e+03
2.480398809061005522e+03
3.632335283165628425e+03
4.036053880781628322e+03
4.436183531694179692e+03
4.966175950904618730e+03
6.148406309319603679e+03
9.619342123007816554e+03
1.224927706954001769e+04
1.475464220903321257e+04
1.659256167477414419e+04
1.865556323167710434e+04
2.123342839850370365e+04
2.660200546157546341e+04
3.387082794138316967e+04
4.213950884636849514e+04
4.992938285161794920e+04
5.853330812049051747e+04
7.102409102411320782e+04
8.729008036615791207e+04
1.164397895851717767e+05
1.577032118571511528e+05
1.939200966674731171e+05
2.150732965245729429e+05
2.327278234560363344e+05
2.523060819766667264e+05
2.868630421258694842e+05
3.271497992137674592e+05
3.544284819772959454e+05
3.750090985863896203e+05
4.058989407954466296e+05
4.509993992333537899e+05
4.794228476866492420e+05
5.095353689573889133e+05
5.471938830786714097e+05
5.850416197026527952e+05
6.218548867623660481e+05
6.556613107941184426e+05
6.830634388361987658e+05
7.047894682200278621e+05
7.258924264132430544e+05
7.586110895428246586e+05
8.017684052371786674e+05
8.569023146841087146e+05
9.119262822951527778e+05
9.722631060830127681e+05
1.021864729771265760e+06
1.074840860093805240e+06
1.125661551730145467e+06
1.161596188890105113e+06
1.191795623816450359e+06
1.225191599926427705e+06
1.254799685622372199e+06
1.277526981497031404e+06
1.310753335067057749e+06
1.352282789014338516e+06
1.390174027906412957e+06
1.418559831962232478e+06
1.444708773905922659e+06
1.470299117138238857e+06
1.493524506694720592e+06
1.517527973355300026e+06
1.547692999003734440e+06
1.581486046392564196e+06
1.618546804139658343e+06
1.666927281094824662e+06
1.707990846255922923e+06
1.732469265847675037e+06
1.757624279135999503e+06
1.783266245502416277e+06
1.808048811883014627e+06
1.832069704438579502e+06
1.860751362066858215e+06
1.899507728965282440e+06
1.948862976892029634e+06
2.017050362594901817e+06
2.054272824307695730e+06
2.069483439137089299e+06
2.083364679331521736e+06
2.104994828658388462e+06
2.130462552653109655e+06
2.150178002069130540e+06
2.162825253938426729e+06
2.173912509415668435e+06
2.187264717521096580e+06
2.207961447755858768e+06
2.246616917553980835e+06
2.290492132081286982e+06
2.329612990380523726e+06
2.359976626953891944e+06
2.386381972929495387e+06
