-9.161257151034116752e-01 -1.171106528430100768e+00 -9.841163410104578624e-01 -9.331674302580494906e-01 -9.649792917940333004e-01 -9.946731046416900091e-01 -8.455622915048709443e-01 -1.050468178411771980e+00 -9.160498493461668446e-01 -9.587286975818097856e-01
-9.502358852111000287e-01 -7.215179519397995067e-01 -8.878831210646699335e-01 -9.130480172259857197e-01 -9.259372341850018451e-01 -1.044798073046888431e+00 -9.442302012185576077e-01 -8.930032283885340760e-01 -7.911568940392674776e-01 -1.147674342034842754e+00
-1.013125939321705360e+00 -9.021301061106118402e-01 -1.272310960969030402e+00 -8.802286024071187542e-01 -8.597553249664505737e-01 -7.849104361338327118e-01 -9.655242234743545149e-01 -9.614989646700159431e-01 -8.728628718648397955e-01 -1.156111210922879717e+00
-7.164918128500719074e-01 -9.057433168422142078e-01 -9.420284018747767663e-01 -9.436247574023992613e-01 -9.613656073309813088e-01 -1.098541450359096672e+00 -9.610517438795257439e-01 -7.858968121132936524e-01 -9.998413607468883413e-01 -1.105296947696697840e+00
-9.826046177757281619e-01 -1.078495278130465973e+00 -8.918653644517690049e-01 -1.246292725284571912e+00 -9.838788120849315533e-01 -7.696788900650456400e-01 -9.260463166996547590e-01 -8.719323686106946747e-01 -9.732943390960439034e-01 -9.527679860999589412e-01
-7.197785981019176882e-01 -9.046569791816772010e-01 -1.033694433122271716e+00 -9.282643072988644439e-01 -6.138324302403552757e-01 -9.675110867800890135e-01 -9.674330651460922859e-01 -1.017568959434341114e+00 -1.078069632383880538e+00 -9.643139209430658942e-01
-9.900319859683612833e-01 -8.187214842343455423e-01 -1.013236644893900085e+00 -1.000380412810764952e+00 -1.013417986756973033e+00 -9.195720787588548273e-01 -1.244893400118929572e+00 -9.770974492949535684e-01 -9.395107507008617631e-01 -1.084946373359348959e+00
-1.188562745594965886e+00 -9.782698749318413656e-01 -1.036499981172112062e+00 -1.080507583656460380e+00 -9.181858002940787022e-01 -9.560092603247318799e-01 -1.027374868548480480e+00 -4.528682842926803898e-01 -6.234444506165373046e-01 -1.157131046065704050e+00
-1.046832531007357847e+00 -9.137974203380333504e-01 -2.203471620935546216e-01 -1.567709086270880015e+00 -9.875652658527560579e-01 -9.737923122734848391e-01 -1.173650623627305212e+00 -7.359550053989871721e-01 -8.161749329541834186e-01 -8.329913266362460877e-01
-9.622541310100193312e-01 -4.220848444265658944e-02 -1.188388325664265777e+00 -8.189161444753105812e-01 -9.173782567810847555e-01 -8.814380406179668226e-01 -7.000783238336080183e-01 -9.993737349773003098e-01 -7.660038214323959815e-01 -8.930306415402253783e-01
