-3.235552734948576870e-01 -1.925718510474870027e-01 -2.662197060313080677e-01 -5.470568052951263471e-01 -2.892387160436174498e-01 -2.193179857042070746e-01 -3.143138850786835192e-01 -2.038100554143844612e-01 -4.110971338171733325e-01 -3.274562036635463858e-01
-4.083363724092549107e-01 -3.150990871517997394e-01 -2.645855145578123180e-01 -5.036928781109474285e-01 -3.490442322311213541e-01 -4.675715197489727637e-01 -2.952024987408175538e-01 -5.156866969502026388e-01 -4.282244579666982243e-01 -4.045793345876436686e-01
-5.962226205451958139e-01 -4.519064650552743201e-01 -5.873071033085015547e-01 -6.779134661645112025e-01 -7.422704038950661554e-01 -5.038177627578442896e-01 -8.101935472837137331e-01 -6.488329690735108457e-01 -6.782751959145844056e-01 -3.143022893922728933e-01
-9.519935503483972772e-01 -7.749145755457174101e-01 -6.059758895580238391e-01 -7.234929502322232642e-01 -6.855609152712811571e-01 -7.872509989038570799e-01 -6.829480428336170972e-01 -5.579498388049503044e-01 -7.702503532498997663e-01 -5.538698301718169015e-01
-8.411510943707400934e-01 -8.549335545904381828e-01 -7.927387576210526143e-01 -7.732096116663155216e-01 -6.719357567090313843e-01 -8.002699605030388907e-01 -8.793538681130276258e-01 -9.513682070790602241e-01 -9.474966123719380517e-01 -1.242956682980921101e+00
-8.906763506930934771e-01 -9.171744191982645900e-01 -7.839571893762239396e-01 -1.018840672391119417e+00 -1.031538193349334387e+00 -8.457988490446567420e-01 -9.877450688284488134e-01 -8.861643306722949420e-01 -9.053387109723870507e-01 -9.679720851507356283e-01
-6.590341305773740332e-01 -9.431271551760369576e-01 -9.644029636498854252e-01 -9.192608320861087590e-01 -7.407171787207078584e-01 -1.117311972661209740e+00 -9.429591447112568581e-01 -2.896547155548029884e-01 -9.676679161312586874e-01 -8.687470005181149313e-01
-8.705106382574809842e-01 -8.157462421290510024e-01 -9.006437644620991501e-01 -8.106183628131038432e-01 -9.377734223352027776e-01 -1.035617067084847021e+00 -8.839870448238581480e-01 -9.403043415927194726e-01 -9.898937308949949943e-01 -1.083564991904026664e+00
-3.863235823854575812e-02 -8.115145541914482452e-01 -1.099312307646561848e+00 -8.947008613400797561e-01 -9.145492154324940115e-01 -8.241691523648859707e-01 -8.516028926687063683e-01 -9.666130730685840167e-01 -9.536757785660786579e-01 -9.875024282907277628e-01
-1.221637258264328896e+00 -1.311401960185740512e+00 -9.199709946782723691e-01 -1.073161952279267251e+00 -9.687226237793301609e-01 -9.904520436161690089e-01 -9.651305387524165003e-01 -9.728463377339462426e-01 -9.859707469711513905e-01 -8.028422653183547864e-01
