1.000000000000000000e+01
1.500000000000000000e+01
1.500000000000000000e+01
2.500000000000000000e+01
3.000000000000000000e+01
4.000000000000000000e+01
5.500000000000000000e+01
7.000000000000000000e+01
9.500000000000000000e+01
1.250000000000000000e+02
1.650000000000000000e+02
2.150000000000000000e+02
2.850000000000000000e+02
3.750000000000000000e+02
4.950000000000000000e+02
6.550000000000000000e+02
8.650000000000000000e+02
1.145000000000000000e+03
1.515000000000000000e+03
2.000000000000000000e+03
