1.000000000000000000e+00
3.000000000000000000e+00
5.000000000000000000e+00
7.000000000000000000e+00
9.000000000000000000e+00
1.110000000000000142e+01
1.310000000000000142e+01
1.510000000000000142e+01
1.710000000000000142e+01
1.910000000000000142e+01
2.110000000000000142e+01
2.310000000000000142e+01
2.510000000000000142e+01
2.710000000000000142e+01
2.910000000000000142e+01
3.120000000000000284e+01
3.320000000000000284e+01
3.520000000000000284e+01
3.720000000000000284e+01
3.920000000000000284e+01
4.120000000000000284e+01
4.320000000000000284e+01
4.520000000000000284e+01
4.720000000000000284e+01
4.920000000000000284e+01
5.130000000000000426e+01
5.330000000000000426e+01
5.530000000000000426e+01
5.730000000000000426e+01
5.930000000000000426e+01
6.130000000000000426e+01
6.330000000000000426e+01
6.529999999999999716e+01
6.729999999999999716e+01
6.929999999999999716e+01
7.140000000000000568e+01
7.340000000000000568e+01
7.540000000000000568e+01
7.740000000000000568e+01
7.940000000000000568e+01
8.140000000000000568e+01
8.340000000000000568e+01
8.540000000000000568e+01
8.740000000000000568e+01
8.940000000000000568e+01
9.150000000000000000e+01
9.350000000000000000e+01
9.550000000000000000e+01
9.750000000000000000e+01
9.950000000000000000e+01
1.015000000000000000e+02
1.035000000000000000e+02
1.055000000000000000e+02
1.075000000000000000e+02
1.095000000000000000e+02
1.116000000000000085e+02
1.136000000000000085e+02
1.156000000000000085e+02
1.176000000000000085e+02
1.196000000000000085e+02
1.216000000000000085e+02
1.236000000000000085e+02
1.256000000000000085e+02
1.276000000000000085e+02
1.295999999999999943e+02
1.317000000000000171e+02
1.337000000000000171e+02
1.357000000000000171e+02
1.377000000000000171e+02
1.397000000000000171e+02
1.417000000000000171e+02
1.437000000000000171e+02
1.457000000000000171e+02
1.477000000000000171e+02
1.497000000000000171e+02
1.518000000000000114e+02
1.538000000000000114e+02
1.558000000000000114e+02
1.578000000000000114e+02
1.598000000000000114e+02
1.618000000000000114e+02
1.638000000000000114e+02
1.658000000000000114e+02
1.678000000000000114e+02
1.698000000000000114e+02
1.719000000000000057e+02
1.739000000000000057e+02
1.759000000000000057e+02
1.779000000000000057e+02
1.799000000000000057e+02
1.819000000000000057e+02
1.839000000000000057e+02
1.859000000000000057e+02
1.879000000000000057e+02
1.899000000000000057e+02
1.920000000000000000e+02
1.940000000000000000e+02
1.960000000000000000e+02
1.980000000000000000e+02
2.000000000000000000e+02
