2.097171009860421265e-02 -3.121451029271214983e-01 -3.517508602932647443e-01 -2.539597707125763604e-01 -1.223473409359722708e-01 4.085765127957832199e-01 2.947713502567799182e-01 2.974072310163830002e-01 4.977491076548702376e-01 1.321238569875695656e-01 9.283711828461105320e-02 -9.219963975084671803e-02 -2.319961734346702720e-01 5.028293071060474517e-02 2.968592282087875178e-01 2.368494536888390289e-01 -3.111935625822431772e-01 -2.954631674244049822e-01 4.144001443352947067e-01 -3.464564538488784651e-01 -3.612747489998100470e-01 2.463062280724372943e-01 2.720309928400918009e-01 -8.055773175446201417e-03 -2.771211252114914037e-01 -1.495077838862342579e-01 3.294044789777506033e-02 4.819734821889768428e-01 1.855270467701064518e-03 -3.171955611579595491e-01 4.211470352515463977e-01 -1.944581520974409949e-01 -3.734204317940403861e-01 4.656870737434692931e-01 -1.756781198795097088e-01 1.828688249492782525e-03 2.668203993034152788e-01 4.184627393996329658e-01 -2.764416642547939951e-02 -9.743959089704817833e-02 3.038420353239980054e-01 4.060013622708082970e-01 1.298707938194484379e-01 -4.121235889917603257e-01 5.293741935569784562e-02 2.348497852261217655e-01 2.426736042192453313e-01 -4.243814473178886826e-01 -3.672787294178572193e-01 4.316096593192109143e-01 -4.716995198377597620e-01 1.422885092786030370e-02 2.136431740197309859e-01 2.029862733973343270e-01 -1.086974291209071297e-01 2.125465993296656864e-01 4.649507999795572388e-01 1.649410998961655661e-01 3.870591749702155804e-01 -1.158386519878212839e-02 -1.202891377422451447e-01 -8.572799922648521864e-02 -4.099069588469905767e-01 4.778920751524711186e-01 -3.498078220389402304e-01 -8.497811966080293100e-02 1.821861646274275381e-01 4.933430215573342270e-01 -4.950229262139553832e-01 4.550477234274059590e-01 4.312549441557557151e-01 -4.462879889956641311e-01 -3.102616284578483263e-01 4.513090499745483486e-01 3.365388158149725806e-01 1.387917223472990846e-01 4.651081600048848630e-01 -1.817381941485485264e-02 2.286674478851091763e-01 -2.739465848983557716e-01 3.957593840939309660e-01 -4.850136084696449745e-01 -3.082760893652524703e-01 2.187998695145234596e-01 -1.962082827500342130e-01 2.690162287870401236e-01 -6.124407478782029068e-02 -6.355382820318572490e-02 2.325013035589410526e-01 6.417762142482286158e-02 -1.229694652548592448e-01 1.893401817785553831e-01 4.770490327209666592e-01 1.542590063132132094e-01 -1.315724275326410897e-01 1.598267039864778027e-01 -7.202822474393577590e-03 -4.115145952149336095e-01 -1.438157254245197580e-01 4.160694907795439157e-01 3.559833171522508444e-02 4.824695267868122084e-01 2.510801695697228997e-01 -2.548199448197507877e-01 -4.846053619203962715e-01 3.793042307355900533e-01 3.239171261683824188e-01 -4.890966187588766112e-01 3.221227647988050835e-01 -3.576625344359404823e-01 2.317375658869863519e-01 4.339504127458796434e-01 4.864241186033910758e-01 -1.844807564470375971e-01 6.359628609618139805e-02 4.351318065367287824e-01 -2.980257354777289258e-01 1.934948215127099136e-01 -2.304139181112048185e-01 -3.338234228058766240e-01 -4.866847911145625316e-01 3.972358477643121999e-01 8.667345508639945351e-02 -4.107731053946432898e-01 -3.338248291218859354e-01 -1.246210432015995018e-01 -1.112561479884874860e-01
-1.300068095393600021e-01 4.734501188312698616e-01 -3.082357749513693346e-01 4.712952317768052124e-01 4.062162135501011795e-01 -2.668762575208772914e-01 4.765604331444927011e-01 6.046406213435995269e-03 -3.279194881377117676e-02 4.179316642410095817e-01 1.009981462218758619e-01 3.911043723799400018e-01 1.767995047562883615e-01 3.867528467225345157e-02 -4.292047008804677488e-01 1.628347652410547797e-01 1.365604809464474600e-01 4.372565263955413561e-01 -3.877166998342103099e-01 -4.084908143212337417e-01 3.645357616922187960e-01 4.951247861954843899e-01 -1.068530579363970445e-01 3.107695487693357128e-01 2.386685458723444286e-01 4.052725009492974539e-01 1.946686552261593928e-01 -3.801466916915965943e-01 8.800968653605989456e-02 3.656710559303326669e-01 3.099923469715399893e-01 -3.217919493883339976e-01 -2.128535019161509889e-01 -1.579973376552364916e-01 -1.044680059799875660e-01 1.901258708222138827e-01 8.051769999625002505e-02 5.457054883686562885e-02 3.238684543514209757e-01 -7.801565167907703602e-02 -2.329772236272462105e-01 -4.163891059322170629e-01 -1.926201186173849278e-01 -2.789836864827884289e-01 -4.465405543613617523e-01 -2.206129017192577368e-01 1.778181948137097512e-01 -1.162749621530928534e-01 1.432763717803253734e-02 -5.815037517833621106e-02 -1.629184807539044155e-01 2.260438600177638868e-01 -1.945170612789775544e-01 -3.193921843335278954e-02 -4.402497306598476823e-01 6.308251991245128476e-02 2.265427092204341797e-01 4.417502767079843906e-01 -4.609874335842238380e-01 1.248683390786153868e-02 2.379818892156037036e-01 -3.966714181973075570e-01 4.429828334076788554e-01 -4.068396753024041135e-01 6.467274629583719125e-02 -9.117648657461951966e-03 2.153520906951363889e-01 -4.370888972365141178e-01 4.220682055732127846e-01 -1.264433284901856913e-01 -3.073901256196785448e-01 -4.183949516260987433e-01 -1.007185676081358006e-01 1.428776607833336376e-01 -2.310597114767663496e-01 1.451823667454138489e-01 5.805790441889024933e-02 4.490344104415023851e-01 -7.759340952314885964e-02 2.413828259448551616e-01 2.553826221729195156e-01 -4.940238364633819934e-02 -3.953114647720736841e-01 2.684263106460572645e-01 -1.601623183896236924e-01 3.617973471897126814e-01 -3.787071333790241190e-01 2.003956948706686614e-01 -9.080311424506615214e-02 -1.603481437550152711e-01 2.799134709610950900e-02 -8.450562980341752572e-02 2.684621315740568503e-01 9.579491270102280520e-02 4.082451122991201942e-01 -4.485478780006439958e-01 -6.728863054451356129e-02 3.990515391171816084e-01 4.426935621406068444e-01 2.178796937648620480e-01 -4.274216865894967521e-01 2.585005670372182429e-01 -7.604643927672238846e-04 2.114830175685352698e-01 8.266017654288360106e-03 3.845128371945625290e-01 1.011137607342745826e-01 -1.931638623966941415e-01 1.974434337262350736e-01 -3.690579061816041118e-01 2.141902019125473400e-01 -3.173253372814937578e-01 2.894049842008887818e-01 -3.826578194192539750e-01 3.479686194753180972e-01 -1.701105831665341572e-01 -4.568364239235497282e-01 1.911502786322688552e-01 -1.468336520323686445e-01 3.457437686359545737e-01 1.090814692585622137e-01 2.751210516981972276e-01 4.887212464175157978e-01 2.328670205150774608e-01 1.035028373311612793e-01 1.481063944210969652e-02 -1.230579507854459020e-01
3.247007442829499269e-01 -1.792098988258332137e-01 -1.956444279485624604e-01 -3.131268231987022199e-01 4.266066031429298633e-01 2.310433826924971346e-01 -1.385432152596310917e-01 -3.205020530812330293e-01 2.510267586571159892e-01 -2.399434302842276545e-01 2.346572674419298288e-01 4.649058993091879088e-01 -2.088838444688534968e-01 3.061026364230180485e-01 3.570299794072878674e-01 2.839387155356793979e-01 -4.277387662680843805e-01 -2.608175180557177342e-01 -3.096002686535351822e-01 -3.015512307774039225e-01 -3.777990409234270874e-01 -3.572744551634482457e-01 -2.504020279624926681e-01 8.900127403903290713e-02 8.488015859355568793e-02 3.249685395791057640e-02 3.349528171846225533e-01 -3.017518730016062189e-01 -4.120612028381799852e-01 4.529881707378469180e-02 -2.248982322649359378e-01 -4.411551617495951261e-02 4.482523692668360926e-02 2.312495439823947230e-01 -4.554231628454772363e-01 1.564797390605203731e-01 2.063473413054495165e-01 4.341530201800842814e-01 -3.711065599741297794e-01 1.144729718580034250e-01 -3.445120313602183515e-01 -3.206807406780864955e-03 -3.525942902050842598e-01 -4.859988013695484832e-01 -3.089899437343408550e-01 -3.638228865188974370e-01 3.244124735195175191e-02 -2.799489523708798000e-02 1.566099400558299548e-01 3.770534546846759927e-01 -3.706677214137972243e-01 -2.409890972564331935e-01 1.309700902815542634e-01 -1.191941600791494582e-01 3.441242641127127966e-01 -3.537159307908853689e-01 1.638289833597583733e-01 -3.051708327290267309e-01 -3.742711222058597853e-02 -2.393508248001285921e-01 7.431677855154550372e-02 -3.582089647675804622e-01 4.668413972660810929e-01 -3.204903305341785247e-01 -4.278997618408098003e-01 -2.746411450634205220e-01 -3.251778260433704215e-01 3.327529386258742949e-01 -9.584096268155789522e-02 9.780724614804914285e-02 -1.048308370665332334e-01 -2.178018613532931580e-01 -3.111978577449684980e-01 -1.256583432997060434e-02 2.570965533917690671e-01 1.210735574668563297e-01 2.063065870692585291e-01 -8.972673094242089586e-02 3.166910084522053248e-01 2.442162260538123242e-01 -1.498493465686672188e-01 4.340522600916164597e-01 4.980242377188551783e-01 3.639036439228002795e-01 1.963160050705133886e-01 2.121403916093913544e-01 -1.477094114212219034e-01 -2.099323304842629634e-01 2.817145233033523377e-01 -4.367709338805532693e-01 4.419191627442592418e-01 -4.894401568793052548e-01 -3.383800886703346444e-01 -3.528900436366642079e-01 1.362170282364675300e-01 1.839681286032582852e-01 3.595048206564446236e-01 -2.998356341796163949e-01 -2.141185329691036587e-02 -4.942905248662616269e-01 3.113543563515454027e-01 -4.469150394251217850e-01 6.898075210876042362e-02 -2.976663406524476807e-01 3.780200333680338032e-01 3.345302619748639072e-01 3.112911081901715837e-01 4.111605206247986866e-01 -8.581398007488100221e-02 -2.994459609539390499e-01 2.233401923349459528e-01 -3.904688253628261219e-01 -6.327488424731231298e-02 4.444934813952059471e-01 -1.445157475878545705e-01 2.294403913426691366e-01 -2.915454326266894158e-01 3.964299847054764125e-02 -1.002310013664379773e-01 2.367543032453545138e-01 3.530825380602129471e-01 2.950393752601943032e-01 3.252055172216038459e-01 4.907979455600188778e-01 -4.997458727664960132e-01 4.623359386354710665e-01 4.331498984572907940e-01
-1.243225386068732563e-01 -4.703334817899648135e-01 -4.160822569236966029e-01 1.876410598964789456e-01 9.317387713685387762e-02 3.533442828620837473e-01 2.667387599023076650e-01 9.012985675344042935e-02 -2.710251892428857667e-01 3.673052577170565769e-01 -1.930637982778440342e-01 4.315551588383448323e-01 -2.121871162846306058e-01 -4.946484276248351852e-01 1.695587947382002358e-01 -3.994116778006528978e-02 -9.645780314865454175e-02 -2.993069558905199767e-01 1.875492123383271093e-01 4.918069941527702937e-02 3.442366819985869242e-01 -6.419191200541118913e-02 2.335141013237994612e-01 -2.255150907929641124e-01 -2.306879345271397042e-01 1.739202374841454235e-01 3.703941430792230260e-01 -2.064885620183128934e-01 3.184020376280614073e-01 6.071438356022273997e-02 1.877841526268635430e-01 1.614182016425407262e-01 4.062748515416542139e-01 -2.820452806961576409e-02 2.715925145982374111e-01 2.415125225135046350e-01 -4.718509221828404709e-01 -3.551964727806167232e-01 -2.503539762807748259e-01 1.032239792271479883e-01 -2.634364508197913901e-01 -4.762060593541820874e-01 2.627034260434322199e-01 4.334574919382730984e-01 1.596770716442936777e-01 -1.662121946597848732e-01 -1.069256141556201856e-01 -6.388260031209830325e-02 -3.174073444375092867e-01 -1.555798747770897328e-01 -3.556710577188183509e-01 -4.826512886270865055e-01 -4.477803667067589699e-01 3.270422458656457865e-01 2.058506610987387297e-03 -2.270985501355416991e-01 -2.978584680294280584e-01 -1.320627151473463545e-02 -3.104164547492586079e-01 9.060911460630372005e-03 6.099360105367990226e-02 -4.726243325648905591e-01 1.778542841313767164e-01 4.850681816404791569e-01 -1.488946938010392018e-01 4.192618186475673969e-01 -3.305234069874518621e-02 1.505672555610687580e-01 -2.253574784302093126e-01 -3.379523646629017941e-02 1.910023479820732728e-01 2.623635475206492762e-01 -1.904996625876675953e-01 -7.271264328430193657e-02 4.704229726558779578e-01 3.339884025326829153e-01 2.014024567912229280e-01 4.007204937054941185e-01 -3.376496116090196287e-01 2.126129564311644016e-01 4.859662015134142976e-01 2.861995563972363765e-02 -3.301542035457214475e-01 3.108613557131604255e-01 4.025820089490572684e-01 2.391844528416210425e-01 -3.972752400739761880e-01 2.823740003819235067e-01 4.000030691243783298e-01 2.559549824485072289e-01 -3.417921271048427467e-01 3.016177511924266197e-01 -4.843847075033775318e-01 3.161125923439505048e-01 1.693781775814452439e-01 -4.658225566042911159e-01 1.276589522512925345e-01 -1.299833873658123307e-01 1.151283895121284484e-01 -4.515552235116404578e-02 -1.224448028528096200e-01 -7.517356600917157738e-02 2.181682662720948462e-01 -9.881350434539915017e-02 -6.762224050677884124e-02 3.664749633312525123e-01 -1.407980183233837335e-01 -4.261476775225600533e-01 -1.561587628491734603e-01 -3.277204435716960518e-01 -2.056784018596818919e-02 1.536940184580486424e-01 -3.031065726912076652e-01 2.623105451083843631e-01 9.745440086711187888e-03 -1.369543061041177401e-01 -2.949749339596189346e-01 3.855919324096545031e-01 4.186601590673653117e-01 -9.379352874472651758e-02 -1.527912053303645545e-01 -1.945030607387338017e-02 2.271887232169937931e-01 4.452958960830039059e-01 2.777439380881800979e-01 3.804933649066321033e-01 -2.532757597273587180e-01
4.959334496471945464e-02 -1.995209264767299207e-01 1.348179574354353427e-01 -1.565035550684924504e-01 4.789910257891495382e-01 -4.787988893349026664e-01 -2.617786159719648342e-01 5.957321700256779096e-02 2.451013954134843020e-01 -4.064923781420168858e-01 8.692387902123177579e-02 2.270012740997141565e-01 3.892683161344865361e-01 -1.366717057160748428e-01 -4.816571978364991846e-01 1.402397005287593368e-01 -1.738653992486735023e-01 -3.048129673148789465e-01 -5.070076745984952726e-02 -2.462997974504234078e-01 2.414898891618181276e-01 -5.813431114345446460e-02 1.694665132248992512e-01 2.147706997535552276e-01 1.859073913115116827e-02 2.227007741793571860e-01 -8.440710915981758378e-02 3.448716775010499669e-01 -7.470845699041955834e-02 -1.980052842730887774e-01 -4.495864591260910204e-01 -3.424101092510437039e-01 3.595781429143917185e-01 -1.091231734130635456e-01 -1.083574708413422849e-01 -2.394892131365833343e-01 -5.736347097801858252e-02 -5.216261262466770354e-03 4.166649484529939551e-01 -3.049272057963400284e-01 2.233831127588392640e-02 3.143230698500805165e-01 -1.848406722419012604e-01 -1.527070459746631692e-01 -2.781806286871918443e-02 -3.692589699983772622e-01 3.787639006685262766e-01 -2.949769770620254694e-01 6.072570111526509606e-03 2.834079784395925339e-01 -4.697912925798974904e-01 -2.540894701774309983e-02 1.100188406194498869e-01 -3.481646305725061286e-02 -1.315191444640365637e-01 2.155016062279564437e-01 -4.243526853664345566e-01 1.871659688888751560e-01 3.009124947751069534e-01 -3.446269789626852931e-01 2.615061870332057170e-01 -3.325018360130232997e-02 4.938692013850940477e-01 4.680622011329265142e-01 -1.982181500228274995e-01 2.414139987474672733e-02 1.959981346773507216e-01 -1.834246563420022791e-01 -1.142637239222693002e-01 -1.014449207458033575e-01 3.757145306942908380e-01 3.312456852431261423e-01 -1.485349089518328558e-02 3.147292930781493414e-01 -2.710804677642177363e-01 1.653615140293119845e-01 2.430771667787132717e-01 -2.686967970798728178e-01 4.060261846865940161e-01 3.906653812991430774e-01 -2.883448630035740923e-01 -3.146186620825475178e-02 3.169270348120114544e-01 -3.738548020078280576e-03 -4.334340993582214141e-02 -2.206925872796474120e-01 -4.574281331209551493e-01 -4.326522485735597723e-01 4.345269580366550866e-02 -1.658344022450908284e-03 -2.076538989840751026e-01 -3.395694862991378016e-01 -7.724102517564046533e-02 4.409593429600047187e-01 4.813374521410679341e-01 4.622975822148586156e-01 -4.686916408856021676e-01 -2.221555128970513215e-01 4.263808236080747216e-01 -4.937084957021301013e-01 -3.668404790492075795e-01 -3.553525114983945299e-01 -2.092091619382734913e-01 1.513620194484550652e-01 -2.098324553468333131e-01 4.473507908375873310e-02 -1.943813429827511152e-01 1.156346277523050414e-01 4.308621081600017000e-01 -1.331335383619806634e-01 -2.185107292500833576e-01 1.845850576427729983e-01 -4.495687927971342979e-01 -1.011745824448917475e-02 -4.482577611130011963e-02 4.236389768830927105e-01 -2.388035777905132551e-01 7.827489818558142076e-02 -1.065425251480596747e-01 3.094431659279957003e-01 3.488895857361906661e-02 1.094606219855289719e-01 9.258618450714473092e-02 3.519070637405417035e-01 -1.233441272722234361e-01 3.474881350231213695e-01 3.787519234108753796e-01
3.758284853528285341e-01 -1.496618595134490692e-01 -1.746117852321460440e-02 4.043295758535075946e-01 -4.192751427372733986e-01 2.138911452847285233e-01 -6.002824642592846649e-02 1.889159453508062469e-01 4.464663481995276850e-01 2.921858659375714540e-01 1.181860459518647710e-01 -1.756506759575784393e-01 3.320656860701992619e-01 2.072613142104140493e-02 -4.068824910973695141e-02 -1.529140241166492831e-01 -2.198979312752882831e-01 -1.187708367077520699e-01 4.032892867524846547e-01 9.048793765336038408e-02 -4.743496990968649740e-01 3.715571673371499406e-01 1.947829928888819007e-01 3.348961385120137191e-01 4.085636279730023857e-01 -2.526431974564809502e-01 -3.637162477485723633e-01 -7.652992634200450617e-02 7.741736328020232261e-02 -4.758628018494038270e-01 -4.661512464166898684e-01 1.819148467613034281e-01 1.593903512466938732e-01 4.293672180220364787e-03 4.026755026642715452e-01 3.207511182785951487e-01 4.949924283176638795e-01 3.887248851462591359e-01 4.931015224983403833e-02 2.355760921362421989e-01 -3.942557763666126869e-01 4.203762346773043390e-02 2.656228421083505209e-01 2.911455221081439282e-01 -1.137034821031247533e-01 -1.893085407277044774e-01 -1.476551271651783126e-01 -1.578445760803060538e-01 8.586457506631517411e-02 4.482054034225964045e-01 -2.438883430681385023e-01 -4.565467757614789512e-01 -1.235205441775912294e-01 -2.247693358546715703e-01 -4.511498027279214340e-01 2.282660237498337352e-01 -2.151564096340544130e-01 2.301088769614789697e-02 -4.973570105666543784e-01 3.244736831684397194e-01 -4.100763135857929398e-01 -1.021931310056499176e-01 4.122714940209868395e-01 2.794211256007206323e-01 -7.595495031771620775e-02 -9.190758430277845559e-02 -1.138038772148881050e-01 -4.519965784660353036e-01 -2.194894773802479326e-01 -7.047957204797949959e-03 3.004219242998936723e-01 2.420214606425432624e-01 4.868264220782380081e-01 -1.015300709355823061e-01 -4.816867166644472897e-02 -4.605960103461226307e-02 2.857127181064457178e-01 -3.561442688564273595e-01 -2.938162505008401482e-01 -3.064794764127118931e-01 -4.361945976997065322e-01 4.331672950967176972e-01 4.902563684686155332e-01 -2.623884728597813965e-02 2.683205373391305271e-01 -3.504955375853424093e-01 -1.095928150836644743e-01 6.757968868111907668e-02 -3.138712206998652832e-01 -1.751760011679940332e-01 2.626844966081409716e-02 3.991661471538668904e-01 7.785212776604322205e-02 3.474064768205628040e-01 -4.372868030546295248e-02 -4.968350942959037231e-01 -2.892130567425479915e-01 4.224668330194421006e-01 8.493974119067826400e-02 2.230585496884470720e-01 -2.262680477177902438e-01 1.911261997858675343e-01 4.521175674596084049e-01 -4.359693274959524079e-01 4.880261100209680736e-01 -5.036593216852630617e-02 1.895879061165128832e-01 1.377170580938525957e-01 -2.380786623860359219e-01 3.663130297828446347e-01 -1.052197148456792686e-01 4.782545517877222485e-01 -4.860647185863069542e-01 -2.325040371239632808e-01 2.384821749508605482e-01 2.057174022402252778e-01 -2.913227907868076727e-02 -1.707751310696289382e-01 -1.789888729817805113e-01 -1.935011492854377679e-01 1.273182180402554486e-02 -4.427326842842672638e-01 2.607627943302782692e-01 -3.706117055132350235e-01 3.904981985412856460e-01 3.325919144850081333e-01 -3.805009118941099500e-02
-4.783086106273870541e-03 -1.348573316168808489e-01 3.257593443977551129e-01 5.933246310279916003e-03 4.910908939222328184e-01 -3.821909913457731678e-01 -4.646950945263472743e-02 -1.748917234213860361e-01 -2.405593699322529644e-01 6.857685827600601414e-02 4.546017936241508739e-01 3.282878585302215768e-01 1.518722392626118411e-01 2.509396077689562965e-02 2.376175163883382790e-01 -2.952420535326880646e-01 4.294541737515541469e-01 -4.268310164656123895e-01 4.130209735142578165e-01 1.788194326774998899e-01 -3.960323138722801062e-01 3.621564898600690974e-01 -8.004878240569457404e-02 9.391016580414690562e-02 1.136571780144347565e-01 -3.932054810269244860e-01 4.593781838627055691e-01 2.390690434165919642e-01 2.114281426663946473e-01 2.626091076116709999e-02 3.570889819933457110e-01 -7.326855316867258994e-02 -4.086214627569759172e-01 3.586286793365279779e-01 -2.573241534103819506e-01 3.667165730416810376e-03 1.252858147160769153e-01 4.759111541594720496e-01 1.078445726437680108e-01 -3.230695783322555803e-01 -5.532596417127211286e-02 7.514803152424354149e-02 -4.778305188692293926e-01 4.724143227259138822e-01 -1.690348397274881731e-01 4.296783479516450566e-01 3.036070466247018373e-01 -1.735198256922391158e-01 4.206745988474267506e-01 -3.365142805355527678e-01 -7.878445764048819244e-02 -7.998039944282325786e-02 4.571566716763002525e-01 4.555184938343372902e-01 -4.239478759066261926e-02 2.078112646032774791e-01 3.616850138979801343e-01 4.914706479005453987e-01 4.757185159243304540e-02 1.747420097432588193e-01 8.052317210511028556e-03 3.184990071923050614e-01 -2.931993857196690811e-01 4.821200157133476161e-02 4.490776603275528078e-01 -1.906055698921395036e-01 5.054201207234310100e-02 3.687855008968927706e-01 -8.402503090136076436e-02 4.827561071963202277e-01 4.777034964852122645e-02 -2.874157287351561396e-01 -4.426127073587820537e-01 1.783813843888141237e-01 -4.873806066964415651e-01 3.952202902773007676e-01 -1.950125972668505514e-01 -4.842345602447297170e-01 -2.433576138531806654e-01 7.196861054133352198e-02 -4.225885986251068926e-01 -4.755365788542618710e-01 3.224547985243096937e-01 -4.560977271924743226e-02 -4.175127579218939067e-01 7.399848329077662878e-02 3.131801253121400119e-01 2.959329177194575111e-01 -4.881950115389581679e-01 3.902785954142774516e-01 3.687296716357083559e-01 1.960255643161624706e-01 4.091181729374970821e-01 -3.329524715734806239e-01 3.087629986544100369e-01 4.255781081714701264e-01 2.283831219824992154e-01 1.370668040971019241e-01 1.735693453826259169e-01 -1.377270941388952785e-02 5.608674894831067181e-02 -4.744999143782100415e-01 -2.353167306593992314e-01 -4.955044494394709731e-01 -3.951208160320816010e-01 -4.438053846841671368e-01 4.931790767425048294e-01 1.539799434957914714e-01 2.592356476590496062e-01 -4.295520781844354152e-01 -4.316094613418882120e-01 2.001605850917472784e-01 1.191865690475949480e-01 1.317010386199776173e-01 6.604677011977300172e-02 1.610370740914141008e-01 -4.929984306314303955e-01 1.006504461298307618e-02 2.148609732548234508e-02 -4.156229949509512300e-01 -1.934666902197356708e-01 -1.548859227938487737e-01 4.262370198576965752e-01 5.765602350557019751e-02 1.762921088595521546e-01 -2.497832413047091915e-01 -5.892912677536515931e-02
-8.253204841702166394e-03 3.670720339120119302e-01 -1.808095675238819977e-01 2.573292323785869584e-02 3.229961945875786666e-01 -3.046646816814085890e-02 -1.649583269403409602e-01 3.000523891320239223e-01 3.097458186676403935e-01 2.474359096338585307e-02 7.757846630606413108e-02 1.516005728474915104e-01 -1.497063764939935981e-01 4.597584140458402802e-01 1.990945140364170918e-01 -3.442305559867271381e-01 4.710724205993876978e-01 -2.033540254657340007e-01 3.804809121256453874e-01 3.214937543094760208e-01 4.281669846611391161e-01 -1.383911213293320119e-01 -3.151092167501408081e-01 2.707202037152012242e-02 1.368078680905093769e-01 -2.673179322536394231e-01 7.556297568504066753e-02 -1.001750252037963418e-01 -4.662054259989684146e-02 -3.189402424088123578e-01 1.613112527681226371e-01 -1.656758457530389528e-01 -1.583129624538149871e-01 2.891865068881915857e-02 -4.771381008224440112e-03 1.764099704989502415e-01 -1.556068325339021730e-01 9.332577664731334099e-02 -2.332865668865370390e-01 4.832501124399893877e-01 4.040706938521432257e-03 3.442184491754640696e-01 -2.471299434730926947e-01 3.972785968898695508e-01 -4.364189021459062845e-01 -4.739073114737114567e-01 2.818108405037457187e-01 -3.877949395443069380e-01 -9.500473471554898852e-02 -1.368073204400880316e-01 -2.351221036913733742e-01 -4.974711830907459498e-01 2.570052401500401151e-01 1.201937576136316022e-01 2.647368517672910038e-02 -2.549537359746765763e-01 2.666064552060207760e-01 2.884687769918998779e-01 5.945335840837462360e-02 -3.931555390603630462e-02 4.874764509719445860e-01 -4.460504603861114581e-01 4.069671366077443064e-02 2.549775539554832715e-01 9.050868117990340522e-02 1.584708991826073721e-01 -4.901433803026418734e-01 -4.798217904140640866e-01 3.275081247958635533e-01 -4.602308782018434408e-01 -3.648851713934955221e-01 2.298831182874350176e-01 4.585435189244709830e-01 1.141010609354211613e-01 -8.508937482965711618e-02 -3.986584491830885701e-01 -3.489305715081675308e-01 -6.579962636973035739e-02 -3.654107334245444427e-01 4.093042957341771482e-01 1.588225739659562263e-01 2.082886894672587585e-01 3.774019154046006630e-01 -8.412803776419686130e-02 3.928334708871519254e-01 -3.394240190983419669e-01 -4.311081394364979502e-02 -7.633588271821278859e-02 -4.682164403557490528e-01 -7.667485632474041468e-02 -4.127385918339289139e-01 -4.578859530364132180e-02 -3.608917792035315486e-03 -3.518350295359617963e-01 5.241039819673087852e-02 -2.109434840803293132e-01 -7.157099446602027681e-02 4.813483115273788915e-01 -4.356775382385064121e-02 1.035107873251657207e-01 3.842528719599078713e-01 1.414088608429330263e-01 3.718365604646741707e-01 -2.993334832197209749e-01 4.805023139806208210e-01 -2.429155637960055403e-01 -2.242478453243801906e-01 -1.629794707280091126e-01 2.072452077603775811e-01 -4.586405847885389186e-01 2.364748629043402772e-01 9.580529514529101398e-02 2.299244258599695279e-01 4.863874974706280385e-01 5.699497722896318397e-02 3.310077443103023320e-01 -1.349324426225179674e-01 -4.273347532959653750e-02 -1.823337525178009288e-01 2.812519057669434774e-01 -2.291927774404740603e-01 2.602154465307793263e-01 2.275271768019897500e-01 2.449437858256362510e-01 -2.602089703051532199e-01 -2.826163776890060486e-01 2.233121479160591338e-01
-5.250404309394790525e-02 -8.687667680219268718e-02 2.840677280318071318e-02 3.807019139058316348e-01 2.324285254558348113e-01 4.297215449897962003e-02 1.775311962292223100e-01 -4.216937686457156720e-01 -3.063667674361982840e-01 9.931184846817542322e-03 -2.637691176453581532e-01 -3.576153516527860177e-01 3.901158392989257928e-01 -1.700698613718123475e-01 -4.322888071113025199e-01 -4.235199385160665075e-01 -2.975635434871911622e-01 -4.691748708003861124e-01 -8.065686704207963853e-02 -1.142625826871672134e-01 4.788547496469826026e-01 -4.772527870103774883e-01 4.466163936745044527e-01 -2.739977180982148264e-01 -4.225962304610259013e-02 2.239413906997749226e-01 5.126804266874840366e-02 -4.779672416358154985e-01 -1.206603177614873346e-02 2.812191807071926508e-01 -2.783147320120352708e-01 -3.945965582347207845e-01 -2.040184468977329080e-01 4.284819410043597676e-01 -2.423915449058033911e-01 -3.539582335058988338e-02 3.635799280121021493e-02 -1.002522642801421116e-01 -2.582855335971726563e-01 2.460709679307739872e-01 -1.202744317181244083e-01 4.825725010501731305e-01 3.900510725550437874e-01 9.862480433227416299e-02 1.280910255299340106e-01 -9.305658418968254519e-02 1.313909947577351911e-02 -4.829733195899523213e-01 2.470099218261563312e-01 -1.476349682067723545e-02 -3.641606950589496017e-01 3.071049588920491402e-01 -1.872003215000296317e-01 -1.242461355335598427e-01 3.720655701452378894e-01 -1.155852298557558666e-01 -4.672204411032524485e-01 -2.382943156038925814e-01 3.283491353692735704e-02 8.772337018441578316e-02 4.238223188015411980e-01 -2.331860990080336649e-02 -3.386797896724940138e-01 3.555655359635476742e-01 -2.027805394335837619e-01 -1.826096814188775119e-01 -6.934840787781099136e-02 1.489216059090574529e-01 -3.762642740855292045e-01 -4.534207568109155373e-01 3.156417847733677950e-01 4.786507092710505784e-01 1.838739698497632302e-01 1.080352484259151646e-01 1.521910415839344832e-02 4.776087504462069866e-01 -3.963404781541194355e-01 -4.137810892341516888e-01 2.302272411082023629e-01 -2.137634374730282283e-01 -2.006239965214029475e-02 2.862860130138948911e-01 7.700487968007951878e-02 -3.732659716917929860e-02 -4.681329310733018945e-01 -4.677593446760036633e-01 1.583408362521742108e-01 -5.914214295327002713e-02 -2.169443765534628810e-03 -2.204492382393626326e-01 -4.880686804059705119e-01 2.752772504105432949e-01 1.038765227195413976e-01 -5.246631625143216571e-03 2.086948230977438978e-01 8.155447128699333526e-02 -3.871150239405657945e-01 -2.919165632424890466e-01 -3.719777875762156905e-01 9.267838539422701416e-02 -4.989717204053293331e-01 4.194664789725877085e-02 -2.092227356959135420e-01 -4.801589655751682395e-01 2.475801926880709658e-01 1.387059744740340994e-01 6.539111387562734912e-02 -2.376862554912555492e-01 -3.591356595174638455e-02 -1.089773066296538251e-01 4.014213562546513625e-01 7.123834833670628086e-03 -1.910168078845070339e-02 -3.153058261676796592e-01 -6.593586562897113534e-02 -2.811148305544328152e-01 -6.086126083891529870e-02 -4.388326703042141341e-01 1.695283862762461125e-01 4.823467719839480417e-02 -6.946686744489927179e-02 4.490727917939332237e-01 -3.641285073525210580e-01 7.657093692040617405e-02 3.263812732564976837e-01 -1.493904565895669556e-01 -1.984326424313193060e-01
-2.046352060269090445e-01 -4.413060948407709905e-01 1.417176053345098330e-01 -4.828372998531249016e-01 1.329725861606132487e-01 -4.413334019320869217e-02 1.412034161681171573e-01 4.320820435851902008e-02 4.662033326755145035e-01 1.283500996136676120e-01 -2.097983098811854741e-01 5.960416706722981850e-03 1.887475461710044211e-01 1.312903345800110477e-01 -4.220171944563746447e-01 4.197615956820976990e-02 4.139699482562559929e-01 -7.791988009439126950e-02 -3.926329798820161754e-01 -3.685145100552287833e-01 -2.005099786701425302e-01 4.812289734498428340e-01 3.001882891842111434e-04 4.078086691026164834e-01 -2.178925664356717307e-01 -6.701764055615899718e-02 4.181238247339906788e-01 -1.657387103061492839e-01 -2.144071214729015296e-01 -1.200534427293281081e-01 -3.510148280066070492e-01 2.612416112682841574e-01 -3.208222228164959722e-01 9.856181453634704770e-02 7.152389343139964328e-02 -2.654674077102561203e-01 4.574797315225297423e-01 4.912089353257808044e-01 4.171050057948344492e-02 3.899096907558755598e-01 -3.344354995425898869e-01 2.337472327139855643e-02 1.284390575098244280e-01 -2.332491254116095813e-01 -4.025240056500741237e-01 3.666422364826814606e-01 -1.642048661233286300e-02 -2.730545866696341695e-01 -2.047276600723693107e-01 -4.337331065171161626e-01 3.970893821260867984e-01 4.583034210849896706e-01 -4.180167897400289823e-01 -2.834029805069082641e-01 -3.791456869965036947e-01 3.474752289946041461e-01 4.643220266336876012e-01 3.392934901105056911e-01 1.545440241309310458e-01 -3.470251332205001038e-01 4.352530866000914322e-01 1.504480171271319611e-01 -2.413153613299756639e-02 2.286296797529606684e-01 7.913052637072803819e-02 4.046467761032235266e-01 -4.403286857925586828e-01 2.423692314721567209e-01 -4.541491282378136152e-01 -2.367852422081484498e-03 -7.584445036401882279e-02 3.547134552984233524e-01 4.958615907398490341e-01 4.674978684505002313e-01 1.688843130332361442e-01 -6.795953846286567623e-02 4.151151331252823651e-01 1.582069355690239876e-01 -2.661434796569015493e-01 4.646291181473617415e-01 8.178090927872838645e-02 -5.124834916082304792e-02 5.006950420474369778e-01 -3.844959067319830281e-01 -4.157074899454544226e-01 4.022136877190620741e-01 -4.222697007744976583e-01 -1.738402065816491149e-01 6.232209504149666124e-02 4.878392984006000299e-01 3.230848265658137208e-01 -3.406745228689818661e-01 2.728049886406348490e-01 4.799573354432155048e-01 1.840542951035518682e-01 3.599883505474724688e-01 -3.844929928325369062e-02 3.585342107745680407e-01 3.559349070779603830e-01 3.516256675747734262e-01 -2.153880573265218867e-01 -9.060810416762704600e-02 4.672107854302650631e-01 4.094068808596348363e-01 -2.333855170999955542e-01 -2.412774432100722177e-01 -1.888294095670474126e-01 -1.708308593860592972e-01 4.769504362912079243e-01 2.472578675605018317e-01 -1.278083077311940596e-01 -9.813189560512225462e-02 1.052248267606648024e-01 2.688858964960291198e-01 -1.966714144467194836e-01 -1.573145894121021904e-01 -4.569976817173188044e-01 1.524810108941425657e-01 -4.383857600756269624e-01 1.802153066553355831e-01 2.197691803991741466e-02 2.223806159328944876e-01 -3.941599903508572478e-01 2.020780577096858988e-01 4.618679223343215012e-01 5.335879994136749627e-02 4.386482682732978367e-01
