0.000000000000000000e+00
6.122448979591836871e-01
1.224489795918367374e+00
1.836734693877551061e+00
2.448979591836734748e+00
3.061224489795918213e+00
3.673469387755102122e+00
4.285714285714285587e+00
4.897959183673469497e+00
5.510204081632653406e+00
6.122448979591836427e+00
6.734693877551020336e+00
7.346938775510204245e+00
7.959183673469388154e+00
8.571428571428571175e+00
9.183673469387755972e+00
9.795918367346938993e+00
1.040816326530612201e+01
1.102040816326530681e+01
1.163265306122448983e+01
1.224489795918367285e+01
1.285714285714285765e+01
1.346938775510204067e+01
1.408163265306122369e+01
1.469387755102040849e+01
1.530612244897959151e+01
1.591836734693877631e+01
1.653061224489795933e+01
1.714285714285714235e+01
1.775510204081632537e+01
1.836734693877551194e+01
1.897959183673469497e+01
1.959183673469387799e+01
2.020408163265306101e+01
2.081632653061224403e+01
2.142857142857142705e+01
2.204081632653061362e+01
2.265306122448979664e+01
2.326530612244897966e+01
2.387755102040816269e+01
2.448979591836734571e+01
2.510204081632653228e+01
2.571428571428571530e+01
2.632653061224489832e+01
2.693877551020408134e+01
2.755102040816326436e+01
2.816326530612244738e+01
2.877551020408163396e+01
2.938775510204081698e+01
3.000000000000000000e+01
