4.253428784390556050e-02
1.040453016557248977e-01
3.422397119221736173e-01
4.628181521170360302e-02
7.845392004880014092e-02
9.981009084101755136e-02
2.340065247733584819e-01
2.068429391904883508e-01
1.140777798054649628e-01
5.200435844885153980e-02
1.128058080084359815e-02
8.686511445126898767e-02
2.834913539518968406e-02
7.624659925479337907e-02
6.604293689992268845e-03
6.651475664880024397e-02
2.398285670430733152e-02
1.163575285571685214e-01
1.896104597784131762e-02
6.232221920048108821e-02
1.858476900905459139e-03
6.523305746127017191e-02
3.170875218779178883e-02
2.908903487990266434e-02
3.896435922300722776e-02
4.426319317957894128e-03
3.785870601557062010e-02
3.270164544962428366e-02
3.338961513335303444e-02
1.338977784260290127e-01
3.864271760292470326e-02
8.950302541235410914e-03
2.294039519412438555e-02
7.259686070902016120e-02
9.355774461081045601e-03
6.182900679976999214e-02
9.774678642019196673e-03
1.313059034076680121e-02
1.759459918286021551e-02
3.338863732694630215e-02
9.282323183269003408e-02
4.098127673512341751e-02
4.437540889168256619e-02
1.001412757139141796e-02
1.846235445906663220e-02
1.221780456407706161e-02
4.066416872613753952e-02
2.399971310408699487e-02
4.924506231828673641e-02
1.050688507984682829e-01
4.495202233950894577e-01
4.482988037745552212e-01
2.244881681251920114e-03
1.645677380479226848e-02
6.423937955677683220e-02
3.188019512224316010e-02
4.588779961347944081e-02
5.687517063084701618e-02
6.564718306263569447e-01
9.272725109467527815e-03
1.798908798364851069e-02
2.409678993334729569e-02
1.272782925018031142e-01
1.747578210292155543e-02
2.536642620685858329e-02
4.359588476595155360e-02
6.408910463013017811e-02
7.956300245027692064e-03
1.271816674074610631e-02
1.712487226933900875e-02
4.430096691396523401e-02
1.934144804820547847e-02
2.283728735904910767e-02
2.718291084854518314e-02
2.634711263945543891e-02
2.061720787342635752e-02
1.400448037105983534e-02
3.792115850054555981e-02
2.511230804601383149e-02
2.386867267462622344e-02
1.856511655627690605e-02
1.071847411234616576e-02
1.371229026708264964e-02
1.282352139323084117e-02
1.132024378072717941e-01
1.040524224006911247e-02
3.132224927462168296e-02
2.188509521815107384e-02
1.786030616900613488e-02
1.509186932876149800e-02
2.762458475762286092e-03
2.505327017747815965e-02
1.549973948293614789e-02
2.076577769645049365e-02
2.198236635194239508e-02
2.879264324423647103e-02
3.804088432958663279e-02
2.409467003404996976e-02
4.396180087310153084e-02
5.357675390789595760e-02
