1.003247654964028124e+00 1.001865062910342719e+00 9.997897645845121861e-01 9.950479165264658477e-01 1.000207446886860696e+00 9.988203844163924261e-01 9.966868117984880593e-01 1.000026189290314171e+00 9.774030029375058160e-01 9.953510119165077663e-01
9.993206529255335147e-01 1.007565058318095730e+00 9.997955190460836583e-01 1.000207881264338017e+00 1.000223262028651527e+00 1.001594140883722339e+00 1.001260876462115590e+00 9.992075172153296325e-01 9.999894694293247621e-01 9.966836813403711082e-01
1.004650699512064316e+00 1.017604049591825710e+00 9.880607988644932727e-01 1.001019993731788071e+00 9.971420111882589588e-01 1.000939608345917886e+00 1.002554297495323432e+00 9.998658425491022683e-01 9.996145472947718380e-01 9.954202356969658050e-01
9.959338387158966910e-01 9.987267381236649699e-01 9.944725003202671276e-01 1.000081672562828983e+00 1.004431023104323195e+00 9.979225346420399489e-01 1.005069224159881758e+00 1.001926078818841326e+00 1.004722482400313144e+00 9.978657589252070137e-01
1.008612484505341689e+00 9.913438518899725382e-01 9.999270080312535613e-01 9.964265961445109010e-01 9.971014272204372642e-01 1.006510867798033670e+00 1.011235165233786759e+00 9.962155262243642673e-01 1.000496664365016164e+00 1.002333370208030594e+00
9.979803196206897820e-01 9.980051230449393795e-01 9.961397247857126658e-01 9.943815087118953455e-01 1.006850652992188122e+00 1.005180616188994458e+00 9.986133832322517945e-01 9.956182628694933978e-01 9.977272729634322213e-01 1.001595290015698358e+00
9.972258869979623297e-01 9.921389405900997716e-01 9.996737002923619109e-01 1.003628328597179653e+00 1.000129895387720902e+00 1.003134420942973115e+00 9.988727644804471506e-01 9.994862293606755488e-01 9.984476819568323114e-01 9.988539346629252691e-01
1.003479687431999334e+00 9.901888334328472485e-01 1.001091666138068881e+00 1.000508104779988860e+00 1.010774029892604231e+00 1.002220107253674053e+00 9.990357249859850297e-01 9.952179096846545114e-01 9.987803314937723220e-01 9.955073778128705753e-01
1.004814775667758786e+00 9.954143684063092579e-01 1.000641777214306805e+00 9.994636509438440397e-01 9.991118161406279397e-01 1.001974180181589569e+00 1.000221776294414333e+00 9.988248090112964439e-01 1.000445810971279714e+00 1.007338459027806499e+00
1.002871075572598691e+00 1.001346921092845843e+00 9.996285839151611841e-01 1.003377391287349596e+00 1.000969636402474716e+00 1.007125357166682500e+00 1.047266576317888997e+00 9.962896942234344966e-01 1.001170006086749886e+00 9.998882635706012323e-01
1.001745493608334092e+00 1.006943140857845531e+00 9.996397378835695235e-01 1.005885225992734222e+00 1.001232506131042310e+00 1.009962789159790431e+00 1.013055517367084990e+00 1.006455115817262103e+00 9.868682273651999681e-01 9.986090379144373363e-01
1.001049165905451233e+00 1.004125894466643576e+00 9.997795785963216053e-01 1.000160415787116452e+00 1.007194892598116454e+00 9.935616514956739920e-01 9.999926785653948658e-01 1.002127170632282960e+00 9.940405721453079435e-01 1.000772483035730520e+00
1.003658886786322757e+00 1.002730771214344507e+00 9.929429686751263251e-01 1.001294653151549419e+00 9.992192820588239321e-01 9.964261754127369253e-01 1.002864159788024789e+00 1.004498877930308343e+00 1.002836107829058632e+00 1.000383588365520993e+00
9.967227946168583097e-01 1.003026603219589807e+00 1.001422521077616867e+00 1.003111736231765638e+00 9.943415950295495520e-01 1.014489472752563515e+00 9.980766885406334721e-01 1.000489929856707150e+00 1.002486402385761366e+00 9.992405798325205701e-01
1.002053706566647495e+00 1.003598567474465186e+00 1.000662274823259645e+00 9.975605406218561733e-01 1.003636513621450010e+00 9.961127983272095587e-01 1.003130179248344023e+00 1.002485789327576038e+00 1.000672367321534972e+00 9.947402045750740607e-01
9.966294343727275518e-01 1.004656332247452655e+00 1.005848380902399031e+00 1.001095234312516791e+00 9.954044449778645109e-01 9.779872821195677579e-01 1.002020184370095324e+00 9.957305361486514794e-01 9.978880579469823209e-01 1.000121014004189623e+00
1.002725324148896036e+00 9.993956133138689468e-01 9.980618070409990050e-01 9.942880991976826843e-01 1.001856170415230229e+00 9.907611129433270269e-01 1.005244875999905974e+00 1.007513040278494199e+00 9.947398525808774927e-01 1.005114894763948552e+00
9.972424129249963798e-01 9.940050100995406757e-01 1.004201112745770619e+00 9.993481472126769516e-01 1.003214790141886192e+00 1.000899010845638148e+00 1.003749886361341215e+00 9.833020917711130515e-01 1.005467299010581517e+00 1.000606602504801268e+00
9.987971796439836236e-01 1.000932334147209612e+00 9.995549137084673852e-01 1.000958898050391399e+00 9.968612959748329727e-01 9.974249397804642037e-01 1.002591145883867441e+00 1.002834024044336969e+00 1.009453113584159123e+00 1.004179646316128771e+00
1.000409464284028216e+00 9.998283888984152989e-01 1.003710995885870760e+00 1.003874715263021633e+00 9.974290749396795830e-01 9.969206341967837837e-01 9.923163621797903566e-01 9.982515359398815846e-01 1.001124023322405465e+00 1.000709575204364876e+00
1.000171775827876530e+00 1.000735149180218997e+00 1.001092136508291874e+00 1.005472402550325217e+00 1.016853619485832194e+00 1.001745237351840290e+00 1.006046194936866645e+00 1.001013101330418209e+00 1.004459369258058565e+00 9.954739218078995089e-01
9.998498598281829741e-01 9.992027426914389387e-01 9.995877050508106265e-01 9.995390211940028413e-01 1.007100538402018630e+00 1.002547335396688943e+00 9.979369725970432814e-01 9.919930763584404732e-01 9.993526232464629011e-01 1.000066976226030357e+00
1.002259034268107696e+00 9.916441237628448313e-01 1.005339780124312021e+00 9.987902454081835080e-01 1.009327522948805678e+00 9.959362311414389213e-01 9.958584380148732818e-01 9.997308393020980510e-01 9.978527815761009112e-01 1.000476960461727849e+00
1.001565327998289012e+00 1.000359365878310092e+00 9.998834154940263730e-01 1.006027530600463349e+00 1.001765632589245891e+00 1.000946041137547926e+00 1.006612883366706290e+00 1.005348458093075159e+00 1.001676376552620207e+00 1.000812729602462481e+00
1.002275582405532273e+00 9.988323411079045311e-01 1.001798903127080642e+00 1.005117108255276781e+00 1.002316540170346659e+00 9.983871846602372369e-01 1.001765193421317868e+00 1.002497503416113656e+00 1.001160608876671798e+00 1.002227122826213623e+00
9.992334314097693904e-01 1.004269608922425450e+00 1.003017204569331744e+00 1.001263860119189220e+00 1.000445562542682687e+00 1.010648332446719921e+00 1.000445114138128755e+00 1.004508012720243704e+00 1.001835886530308084e+00 1.007968201074935122e+00
9.975299280913422217e-01 9.974572158825028012e-01 1.007942568832750352e+00 1.001044371618529993e+00 1.004934554475515940e+00 9.976584102419255862e-01 1.000768737316420465e+00 1.000993797682503406e+00 9.978576451644132206e-01 9.976663454637504369e-01
9.937280782511490607e-01 1.000618404083356783e+00 1.007561158764145759e+00 1.003511828236683279e+00 9.985362975264563401e-01 9.953823711142610886e-01 9.998297392365106395e-01 1.003933820012615330e+00 1.007831084893627827e+00 1.001613998302632647e+00
1.000536502236935021e+00 9.961735706856882366e-01 9.982830976024094083e-01 9.914148320744256004e-01 9.990194951902610088e-01 9.978639830269737665e-01 1.008080444694233302e+00 9.917999465862931130e-01 1.001877083739417529e+00 9.937420267545316044e-01
1.007042196122902578e+00 1.000958153475210999e+00 1.003743549064935126e+00 1.004531353912298641e+00 9.984131953693011763e-01 1.000245885885546748e+00 1.000467933373395013e+00 1.001313406257632765e+00 1.005709359125655178e+00 9.981217941513026437e-01
1.007354403088422723e+00 9.989781533007482395e-01 9.992414463116112699e-01 1.001911616257307180e+00 9.991860662639837631e-01 1.000101612845690990e+00 1.001087310149021414e+00 1.002380115891293055e+00 9.963231958590302861e-01 9.834878620366701574e-01
1.006018300715334268e+00 1.004015751695495062e+00 9.998262316465755806e-01 9.780375746182541352e-01 1.003474940105982816e+00 1.000647146831763257e+00 1.003228995585674799e+00 1.002886256129789100e+00 9.941999465583808426e-01 9.949766777511831473e-01
1.002645917403828246e+00 9.927733588657408070e-01 1.002139843980442535e+00 1.000436467149031561e+00 1.000284937624181802e+00 1.002124434190383884e+00 1.000160745185452837e+00 9.908204452411947250e-01 9.991674162138043380e-01 1.012608080305123170e+00
9.976077704341986818e-01 1.000726477232341649e+00 9.950784442943958474e-01 1.001956315629807026e+00 1.000451904775488954e+00 1.007517538735267726e+00 1.002178396174393304e+00 1.001266403347395695e+00 1.001569004944673491e+00 1.003407801153854528e+00
9.984589825048267864e-01 1.006560487514403190e+00 1.003457969104711633e+00 1.000330848858212773e+00 1.001101913477369321e+00 9.981604360282808619e-01 9.904535763829196426e-01 9.926346427387104931e-01 9.994148018603241646e-01 1.005043681940734457e+00
1.001625494666951166e+00 9.999240971195421102e-01 9.968229820473674119e-01 9.998699115036379093e-01 9.927388401096963744e-01 9.968328079235920791e-01 1.000756317532715878e+00 1.002601231723427855e+00 1.011073209793214245e+00 1.005333580346801092e+00
1.001426742584907936e+00 1.001447050380188220e+00 9.959686871758165472e-01 1.002851580184273894e+00 9.946300159538955521e-01 9.996277252787905132e-01 1.000320627601311241e+00 1.002667108839392585e+00 1.003283252219098420e+00 1.004286200117884498e+00
1.003786767956147408e+00 1.003947944256495584e+00 9.982518422172725892e-01 9.980981927235736961e-01 9.934560725834805650e-01 1.003243234405294615e+00 1.003231458876235216e+00 9.999716863344206841e-01 9.884090131066172180e-01 1.002172287609364165e+00
1.001768297495335691e+00 9.992437751498144394e-01 9.968227932618741738e-01 1.004906034745094878e+00 1.000248623274943238e+00 9.992210414809709063e-01 1.000429989356977911e+00 1.025365832704366431e+00 9.960246219754198549e-01 1.002733550027347986e+00
1.002948271829588567e+00 1.000009676526393498e+00 1.010401036822000220e+00 9.979261180991921831e-01 9.848592175442203445e-01 1.003952588760554709e+00 1.002083232610738950e+00 1.010332161616676050e+00 9.992795385296427968e-01 1.010131854678692154e+00
1.001528886981139621e+00 9.991488545186691939e-01 1.010539062853408110e+00 9.978867739093175704e-01 1.003112716460344167e+00 1.006179357698458343e+00 1.003837775241467556e+00 9.894984262714057177e-01 1.005194197965036285e+00 9.984131332088628241e-01
1.017552053772009524e+00 1.000536065826847842e+00 1.000347733866732591e+00 1.012506253515363497e+00 1.007530644419986077e+00 9.890659085843575005e-01 9.973153953116995485e-01 9.980934126551609387e-01 9.946923039241020170e-01 1.000813728100640621e+00
9.967790314721465261e-01 9.774558068609537909e-01 1.004113526800368028e+00 9.977376523308971734e-01 1.014242060941027423e+00 1.000452658735084377e+00 9.983292599146910140e-01 1.001886861511842808e+00 1.006140759938314089e+00 9.941497592252869220e-01
9.971533841125438391e-01 9.995480110191941048e-01 9.888955188732003743e-01 1.001469782729255353e+00 1.001865458466417280e+00 9.900313968326588387e-01 1.010371075451773848e+00 9.994086593539854846e-01 1.002068518875836034e+00 1.004365326463008801e+00
1.005001672778550681e+00 1.005045090678975184e+00 1.002999428272479676e+00 9.956212821852988837e-01 9.938622108044498082e-01 9.953734415794399659e-01 1.001254812613870726e+00 1.000112808446117940e+00 9.995647631080278872e-01 1.004360834257985946e+00
9.984997268243742674e-01 9.965022838107074898e-01 9.996410746608195286e-01 9.966594376148038004e-01 9.972970426058220816e-01 1.008647169095070462e+00 1.001276273335314881e+00 9.755653438576459280e-01 1.000785172889261609e+00 1.000392893667154004e+00
9.938607194453409344e-01 9.998098765878756788e-01 9.970961034528208478e-01 9.959943601102168032e-01 9.983176547550125512e-01 1.001933734436189605e+00 1.000502054836907684e+00 1.000000904276950653e+00 1.000846339973908705e+00 1.002717642855650348e+00
9.954049401690844290e-01 1.000733095288575125e+00 1.001056380904698395e+00 9.960829140884105426e-01 9.990065042869962220e-01 1.000711496156729385e+00 1.004080465605047934e+00 1.004884490375794748e+00 9.905948245281398501e-01 1.000132686883875133e+00
1.002445968256099773e+00 9.982696867011300323e-01 1.014924879669476976e+00 1.000859919657965280e+00 9.942789855215520278e-01 1.001652285005712351e+00 1.003748398647475559e+00 9.995883931208822126e-01 1.001642489624097632e+00 1.000954544349466513e+00
1.000823702467058096e+00 1.000785416930496829e+00 1.005029015481824883e+00 9.936476350170322380e-01 1.002233554190651965e+00 9.927515499333064986e-01 9.979055039325129828e-01 9.990395819308086622e-01 1.000100117042131753e+00 1.005122982183597413e+00
