1.061468633545459728e+00
1.364102170116214818e+00
1.042776178726057656e+00
6.978154717718215716e-01
-5.451141683056191789e-02
1.112564384315158694e+00
9.275087492327336314e-01
6.377418720161758259e-01
1.212689161811555838e+00
1.059197409384937005e+00
1.047937036597574645e+00
1.155400318103739110e+00
4.977604533064825532e-01
8.068575751551724240e-01
1.000386156061892073e+00
1.110659358230173810e+00
1.211714040087914945e+00
1.289383983339341677e+00
1.156569161089165743e+00
9.736407812764559244e-01
1.125997194574454907e+00
9.670052509189429601e-01
6.496754425228195018e-01
1.089969525113423376e+00
1.223950868260267111e+00
9.124353054320041290e-01
8.459338331264820710e-01
1.090552342569369504e+00
1.073445931576073153e+00
8.342179093171149251e-01
9.300590839266789089e-01
8.580003197712489094e-01
1.131945912275107435e+00
9.714969429193288653e-01
1.145991708273146559e+00
8.819988962516636111e-01
9.507128291665828401e-01
8.823306452304174874e-01
9.539185199520090475e-01
9.944791822513110446e-01
9.366836103325402174e-01
1.020026792562160889e+00
8.195017626644895969e-01
1.045996844426797967e+00
1.000499783507910356e+00
9.325594143080702114e-01
9.998265242129322772e-01
1.028913673248986749e+00
9.885268141507879136e-01
1.063263295038222367e+00
8.639212820612682808e-01
1.059565950512090460e+00
1.025369432879363885e+00
9.616147124531999602e-01
9.711720954620364221e-01
9.686668639590135799e-01
-1.187449612880707717e-01
1.017018100611416065e+00
1.010050805491208736e+00
9.444319701668391076e-01
9.515771205639628194e-01
1.018142433544257042e+00
9.687506234873591859e-01
9.653958668133090226e-01
9.592163488493351542e-01
1.042747389692100679e+00
9.085250095608528031e-01
9.315022509136966500e-01
9.938110513540524549e-01
9.917501483177288968e-01
1.014917340701343207e+00
9.730327426928890855e-01
9.798717317743254052e-01
9.772475475784695442e-01
9.667671958742173333e-01
1.036434110684945953e+00
1.015976147333341517e+00
1.009897115300763648e+00
9.995369153104288751e-01
1.008879361167116739e+00
9.806303582341017178e-01
1.039411611209108965e+00
8.927367722676453621e-01
9.844260448681120268e-01
1.018089484693169400e+00
9.945201982993886469e-01
9.867108869991232378e-01
1.025482749057680332e+00
9.836413462819536546e-01
1.017481553847277675e+00
1.044337317535139142e+00
9.931210826343854770e-01
9.420006706407610952e-01
9.892598149855044154e-01
1.006149220493374186e+00
9.874037822286249044e-01
9.917941041997464513e-01
9.872418141331222863e-01
1.006898741597825664e+00
9.919771022078742728e-01
