1.000000000000000000e+00
1.000000000000000000e+00
1.200000000000000178e+00
1.200000000000000178e+00
1.200000000000000178e+00
1.400000000000000133e+00
1.400000000000000133e+00
1.400000000000000133e+00
1.600000000000000089e+00
1.600000000000000089e+00
1.800000000000000044e+00
1.800000000000000044e+00
2.000000000000000000e+00
2.000000000000000000e+00
2.200000000000000178e+00
2.200000000000000178e+00
2.400000000000000355e+00
2.400000000000000355e+00
2.600000000000000089e+00
2.800000000000000266e+00
3.000000000000000000e+00
3.000000000000000000e+00
3.200000000000000178e+00
3.400000000000000355e+00
3.600000000000000089e+00
3.800000000000000266e+00
4.000000000000000000e+00
4.200000000000000178e+00
4.400000000000000355e+00
4.800000000000000711e+00
5.000000000000000000e+00
5.200000000000000178e+00
5.600000000000000533e+00
5.800000000000000711e+00
6.200000000000000178e+00
6.600000000000000533e+00
6.800000000000000711e+00
7.200000000000000178e+00
7.600000000000000533e+00
8.000000000000000000e+00
8.599999999999999645e+00
9.000000000000000000e+00
9.400000000000000355e+00
1.000000000000000000e+01
1.060000000000000142e+01
1.120000000000000107e+01
1.180000000000000071e+01
1.240000000000000036e+01
1.300000000000000000e+01
1.380000000000000071e+01
1.460000000000000142e+01
1.540000000000000036e+01
1.619999999999999929e+01
1.700000000000000000e+01
1.800000000000000000e+01
1.900000000000000000e+01
2.000000000000000000e+01
2.120000000000000284e+01
2.220000000000000284e+01
2.360000000000000142e+01
2.480000000000000071e+01
2.620000000000000284e+01
2.760000000000000142e+01
2.920000000000000284e+01
3.080000000000000071e+01
3.239999999999999858e+01
3.420000000000000284e+01
3.600000000000000000e+01
3.800000000000000000e+01
4.020000000000000284e+01
4.240000000000000568e+01
4.460000000000000142e+01
4.720000000000000284e+01
4.980000000000000426e+01
5.240000000000000568e+01
5.540000000000000568e+01
5.840000000000000568e+01
6.160000000000000142e+01
6.500000000000000000e+01
6.860000000000000853e+01
7.240000000000000568e+01
7.640000000000000568e+01
8.060000000000000853e+01
8.500000000000000000e+01
8.960000000000000853e+01
9.460000000000000853e+01
9.980000000000001137e+01
1.052000000000000028e+02
1.110000000000000000e+02
1.172000000000000028e+02
1.236000000000000085e+02
1.304000000000000057e+02
1.375999999999999943e+02
1.450000000000000000e+02
1.530000000000000000e+02
1.614000000000000057e+02
1.704000000000000057e+02
1.796000000000000227e+02
1.896000000000000227e+02
2.000000000000000000e+02
