1.000000000000000000e+00
1.000000000000000000e+00
1.000000000000000000e+00
1.000000000000000000e+00
1.200000000000000178e+00
1.200000000000000178e+00
1.200000000000000178e+00
1.200000000000000178e+00
1.200000000000000178e+00
1.400000000000000133e+00
1.400000000000000133e+00
1.400000000000000133e+00
1.400000000000000133e+00
1.400000000000000133e+00
1.600000000000000089e+00
1.600000000000000089e+00
1.600000000000000089e+00
1.600000000000000089e+00
1.800000000000000044e+00
1.800000000000000044e+00
1.800000000000000044e+00
1.800000000000000044e+00
2.000000000000000000e+00
2.000000000000000000e+00
2.000000000000000000e+00
2.200000000000000178e+00
2.200000000000000178e+00
2.200000000000000178e+00
2.400000000000000355e+00
2.400000000000000355e+00
2.400000000000000355e+00
2.600000000000000089e+00
2.600000000000000089e+00
2.800000000000000266e+00
2.800000000000000266e+00
2.800000000000000266e+00
3.000000000000000000e+00
3.000000000000000000e+00
3.200000000000000178e+00
3.200000000000000178e+00
3.400000000000000355e+00
3.400000000000000355e+00
3.600000000000000089e+00
3.600000000000000089e+00
3.800000000000000266e+00
4.000000000000000000e+00
4.000000000000000000e+00
4.200000000000000178e+00
4.200000000000000178e+00
4.400000000000000355e+00
4.600000000000000533e+00
4.600000000000000533e+00
4.800000000000000711e+00
5.000000000000000000e+00
5.200000000000000178e+00
5.200000000000000178e+00
5.400000000000000355e+00
5.600000000000000533e+00
5.800000000000000711e+00
6.000000000000000000e+00
6.200000000000000178e+00
6.400000000000000355e+00
6.600000000000000533e+00
6.800000000000000711e+00
7.000000000000000000e+00
7.200000000000000178e+00
7.400000000000000355e+00
7.600000000000000533e+00
7.800000000000000711e+00
8.000000000000000000e+00
8.400000000000000355e+00
8.599999999999999645e+00
8.800000000000000711e+00
9.200000000000001066e+00
9.400000000000000355e+00
9.600000000000001421e+00
1.000000000000000000e+01
1.020000000000000107e+01
1.060000000000000142e+01
1.100000000000000000e+01
1.120000000000000107e+01
1.160000000000000142e+01
1.200000000000000000e+01
1.240000000000000036e+01
1.280000000000000071e+01
1.300000000000000000e+01
1.340000000000000036e+01
1.400000000000000000e+01
1.440000000000000036e+01
1.480000000000000071e+01
1.520000000000000107e+01
1.560000000000000142e+01
1.619999999999999929e+01
1.660000000000000142e+01
1.719999999999999929e+01
1.780000000000000071e+01
1.819999999999999929e+01
1.880000000000000071e+01
1.940000000000000213e+01
2.000000000000000000e+01
